10
0 6 68 59 18 63 97 98 78 67
6 0 68 91 2 5 69 59 26 71
68 68 0 87 65 41 30 61 2 34
59 91 87 0 72 9 18 52 40 86
18 2 65 72 0 91 27 76 6 13
63 5 41 9 91 0 17 39 70 100
97 69 30 18 27 17 0 42 43 21
98 59 61 52 76 39 42 0 10 21
78 26 2 40 6 70 43 10 0 7
67 71 34 86 13 100 21 21 7 0
BRBBRBBRRR