20
0 32 66 30 12 25 9 91 57 93 63 81 98 84 3 64 32 53 90 56
32 0 48 6 99 86 76 88 94 99 54 12 41 94 13 52 89 76 54 20
66 48 0 63 5 61 48 38 85 24 99 75 69 82 18 47 78 21 74 64
30 6 63 0 94 23 59 54 55 94 21 17 80 68 86 50 81 16 50 17
12 99 5 94 0 48 54 82 14 23 32 42 55 75 10 51 91 84 96 69
25 86 61 23 48 0 97 57 40 97 86 78 94 55 52 4 47 27 8 53
9 76 48 59 54 97 0 87 83 22 18 43 6 74 54 75 59 72 24 82
91 88 38 54 82 57 87 0 55 20 1 95 9 5 99 47 3 92 1 78
57 94 85 55 14 40 83 55 0 61 98 56 17 71 58 86 99 70 47 15
93 99 24 94 23 97 22 20 61 0 5 79 88 28 84 7 77 38 83 28
63 54 99 21 32 86 18 1 98 5 0 2 54 13 50 94 59 91 29 28
81 12 75 17 42 78 43 95 56 79 2 0 11 75 40 2 33 59 56 59
98 41 69 80 55 94 6 9 17 88 54 11 0 3 71 10 43 61 74 6
84 94 82 68 75 55 74 5 71 28 13 75 3 0 90 70 23 51 13 38
3 13 18 86 10 52 54 99 58 84 50 40 71 90 0 96 41 87 60 83
64 52 47 50 51 4 75 47 86 7 94 2 10 70 96 0 93 76 26 86
32 89 78 81 91 47 59 3 99 77 59 33 43 23 41 93 0 17 77 18
53 76 21 16 84 27 72 92 70 38 91 59 61 51 87 76 17 0 4 32
90 54 74 50 96 8 24 1 47 83 29 56 74 13 60 26 77 4 0 1
56 20 64 17 69 53 82 78 15 28 28 59 6 38 83 86 18 32 1 0
BBBRBRBRBRRRBRBRRRBB