8
0 69 16 6 14 1 88 40
69 0 67 70 19 29 16 50
16 67 0 89 37 1 69 44
6 70 89 0 76 38 99 49
14 19 37 76 0 31 16 52
1 29 1 38 31 0 34 92
88 16 69 99 16 34 0 48
40 50 44 49 52 92 48 0
BRRRRBBB