16
0 50 90 77 40 36 83 11 56 82 87 91 40 96 58 48
50 0 85 92 46 73 15 69 23 77 99 48 34 27 32 95
90 85 0 69 97 97 75 3 98 72 17 12 59 68 97 60
77 92 69 0 38 72 28 63 29 71 71 67 43 97 80 81
40 46 97 38 0 86 30 65 86 39 54 72 7 80 65 56
36 73 97 72 86 0 3 41 31 13 68 22 64 73 58 57
83 15 75 28 30 3 0 91 57 10 33 16 82 23 8 90
11 69 3 63 65 41 91 0 87 52 25 82 26 21 41 32
56 23 98 29 86 31 57 87 0 68 34 42 52 81 53 80
82 77 72 71 39 13 10 52 68 0 92 61 52 24 31 46
87 99 17 71 54 68 33 25 34 92 0 47 89 83 67 71
91 48 12 67 72 22 16 82 42 61 47 0 35 74 92 61
40 34 59 43 7 64 82 26 52 52 89 35 0 9 79 28
96 27 68 97 80 73 23 21 81 24 83 74 9 0 18 1
58 32 97 80 65 58 8 41 53 31 67 92 79 18 0 35
48 95 60 81 56 57 90 32 80 46 71 61 28 1 35 0
BRRRBBBRBBBRRBRR