20
0 60 22 97 22 71 98 52 51 23 69 54 46 91 88 6 86 100 63 59
60 0 25 31 91 26 81 24 19 81 91 99 37 13 95 63 37 13 10 43
22 25 0 13 82 41 2 54 92 80 96 65 6 87 96 38 25 64 45 83
97 31 13 0 10 8 38 5 43 47 10 91 40 100 65 64 78 12 15 69
22 91 82 10 0 91 25 81 46 4 44 93 100 9 80 42 25 75 86 26
71 26 41 8 91 0 32 37 6 10 82 48 58 30 97 66 18 75 33 16
98 81 2 38 25 32 0 62 85 19 10 29 43 10 13 28 31 11 79 12
52 24 54 5 81 37 62 0 43 50 51 93 3 1 98 97 67 33 98 42
51 19 92 43 46 6 85 43 0 89 50 98 16 9 50 38 72 86 54 34
23 81 80 47 4 10 19 50 89 0 58 73 58 21 92 57 69 29 47 57
69 91 96 10 44 82 10 51 50 58 0 1 64 34 78 37 50 25 30 95
54 99 65 91 93 48 29 93 98 73 1 0 53 77 62 2 8 100 37 77
46 37 6 40 100 58 43 3 16 58 64 53 0 40 9 93 97 93 39 58
91 13 87 100 9 30 10 1 9 21 34 77 40 0 11 76 26 55 35 80
88 95 96 65 80 97 13 98 50 92 78 62 9 11 0 85 65 28 52 84
6 63 38 64 42 66 28 97 38 57 37 2 93 76 85 0 20 77 22 7
86 37 25 78 25 18 31 67 72 69 50 8 97 26 65 20 0 40 76 81
100 13 64 12 75 75 11 33 86 29 25 100 93 55 28 77 40 0 75 56
63 10 45 15 86 33 79 98 54 47 30 37 39 35 52 22 76 75 0 99
59 43 83 69 26 16 12 42 34 57 95 77 58 80 84 7 81 56 99 0
RRBBBRBBBRBRRRRBBRBR