8
0 100 5 28 83 33 50 38
100 0 96 49 12 49 84 57
5 96 0 71 59 75 98 92
28 49 71 0 79 46 77 36
83 12 59 79 0 90 83 54
33 49 75 46 90 0 56 31
50 84 98 77 83 56 0 30
38 57 92 36 54 31 30 0
RRRBBBRB