8
0 60 30 69 63 69 32 5
60 0 68 77 27 25 81 64
30 68 0 38 79 33 25 33
69 77 38 0 53 89 24 22
63 27 79 53 0 59 65 43
69 25 33 89 59 0 91 68
32 81 25 24 65 91 0 43
5 64 33 22 43 68 43 0
BRBBRBRR