20
0 43 35 15 64 36 84 44 81 43 29 28 93 18 97 63 27 33 37 65
43 0 48 67 63 35 57 35 92 33 21 53 21 16 12 55 77 71 67 54
35 48 0 99 85 97 95 77 39 98 13 28 71 58 81 74 74 68 48 45
15 67 99 0 95 4 63 82 26 79 82 13 51 16 45 25 4 23 5 43
64 63 85 95 0 69 30 22 52 39 59 32 18 76 13 49 3 34 87 13
36 35 97 4 69 0 98 78 93 91 27 2 54 29 17 91 49 61 26 16
84 57 95 63 30 98 0 73 86 26 12 27 78 83 45 56 78 3 50 94
44 35 77 82 22 78 73 0 96 6 62 54 96 31 100 43 51 93 73 45
81 92 39 26 52 93 86 96 0 62 96 54 49 36 1 95 23 86 77 32
43 33 98 79 39 91 26 6 62 0 43 93 67 91 22 47 50 57 45 73
29 21 13 82 59 27 12 62 96 43 0 12 16 6 75 64 28 96 100 23
28 53 28 13 32 2 27 54 54 93 12 0 79 67 37 1 48 100 95 46
93 21 71 51 18 54 78 96 49 67 16 79 0 55 72 71 100 20 2 56
18 16 58 16 76 29 83 31 36 91 6 67 55 0 37 68 23 62 72 60
97 12 81 45 13 17 45 100 1 22 75 37 72 37 0 27 95 41 64 20
63 55 74 25 49 91 56 43 95 47 64 1 71 68 27 0 56 75 27 90
27 77 74 4 3 49 78 51 23 50 28 48 100 23 95 56 0 81 5 70
33 71 68 23 34 61 3 93 86 57 96 100 20 62 41 75 81 0 68 99
37 67 48 5 87 26 50 73 77 45 100 95 2 72 64 27 5 68 0 20
65 54 45 43 13 16 94 45 32 73 23 46 56 60 20 90 70 99 20 0
RBRRBRBBBBBRBRRRBRRB