20
0 5 50 84 62 33 24 22 96 87 19 48 55 49 85 62 37 2 80 34
5 0 68 42 39 99 82 76 90 35 32 50 3 27 58 32 3 6 34 76
50 68 0 40 85 7 42 16 45 87 27 1 8 67 56 81 24 55 9 88
84 42 40 0 30 69 6 42 92 25 95 80 35 97 83 62 77 93 44 15
62 39 85 30 0 13 39 73 74 63 85 8 61 72 16 3 77 59 38 11
33 99 7 69 13 0 52 46 61 10 4 55 32 23 38 4 9 82 9 47
24 82 42 6 39 52 0 99 36 94 69 100 6 10 31 43 31 87 49 10
22 76 16 42 73 46 99 0 30 89 24 39 70 78 100 100 21 9 42 33
96 90 45 92 74 61 36 30 0 55 46 60 83 8 76 66 99 100 97 100
87 35 87 25 63 10 94 89 55 0 62 46 100 24 98 39 31 58 2 13
19 32 27 95 85 4 69 24 46 62 0 80 74 6 85 8 43 31 79 19
48 50 1 80 8 55 100 39 60 46 80 0 78 70 8 81 15 66 75 32
55 3 8 35 61 32 6 70 83 100 74 78 0 84 76 56 94 36 42 69
49 27 67 97 72 23 10 78 8 24 6 70 84 0 11 1 5 41 40 49
85 58 56 83 16 38 31 100 76 98 85 8 76 11 0 67 100 81 49 93
62 32 81 62 3 4 43 100 66 39 8 81 56 1 67 0 26 9 77 78
37 3 24 77 77 9 31 21 99 31 43 15 94 5 100 26 0 24 43 9
2 6 55 93 59 82 87 9 100 58 31 66 36 41 81 9 24 0 98 33
80 34 9 44 38 9 49 42 97 2 79 75 42 40 49 77 43 98 0 73
34 76 88 15 11 47 10 33 100 13 19 32 69 49 93 78 9 33 73 0
RRRBRRRRBBRBRRBBBBBB