8
0 67 50 65 18 69 73 8
67 0 43 40 13 97 52 62
50 43 0 57 44 91 98 83
65 40 57 0 96 45 34 38
18 13 44 96 0 26 53 57
69 97 91 45 26 0 39 6
73 52 98 34 53 39 0 19
8 62 83 38 57 6 19 0
RBBRRRBB