20
0 69 8 13 76 90 22 33 2 78 57 48 25 1 22 86 72 98 49 55
69 0 1 34 58 81 91 38 52 68 4 2 61 36 51 21 55 68 87 5
8 1 0 17 4 73 7 74 48 33 37 87 64 58 69 50 39 88 31 56
13 34 17 0 92 59 99 39 94 84 50 50 71 63 42 52 70 30 54 19
76 58 4 92 0 13 72 29 87 80 41 43 42 95 81 13 30 89 98 100
90 81 73 59 13 0 94 74 40 26 66 94 50 55 87 24 18 59 59 75
22 91 7 99 72 94 0 53 88 58 50 76 91 63 62 50 80 15 48 30
33 38 74 39 29 74 53 0 54 88 30 68 12 10 63 74 81 26 6 94
2 52 48 94 87 40 88 54 0 19 19 79 21 24 5 24 48 25 54 11
78 68 33 84 80 26 58 88 19 0 61 24 25 78 33 73 34 40 100 97
57 4 37 50 41 66 50 30 19 61 0 81 50 81 93 84 13 71 77 81
48 2 87 50 43 94 76 68 79 24 81 0 85 73 89 92 29 55 4 52
25 61 64 71 42 50 91 12 21 25 50 85 0 10 11 58 58 28 11 50
1 36 58 63 95 55 63 10 24 78 81 73 10 0 9 59 88 31 80 59
22 51 69 42 81 87 62 63 5 33 93 89 11 9 0 83 35 9 38 12
86 21 50 52 13 24 50 74 24 73 84 92 58 59 83 0 26 69 30 26
72 55 39 70 30 18 80 81 48 34 13 29 58 88 35 26 0 74 87 15
98 68 88 30 89 59 15 26 25 40 71 55 28 31 9 69 74 0 96 47
49 87 31 54 98 59 48 6 54 100 77 4 11 80 38 30 87 96 0 42
55 5 56 19 100 75 30 94 11 97 81 52 50 59 12 26 15 47 42 0
RBBRRBBRRRBBBBRBBRRR