8
0 82 7 48 23 29 50 98
82 0 31 17 59 85 90 67
7 31 0 49 3 56 38 23
48 17 49 0 64 59 73 36
23 59 3 64 0 74 32 88
29 85 56 59 74 0 90 79
50 90 38 73 32 90 0 97
98 67 23 36 88 79 97 0
RRRBBRBB