10
0 57 100 35 84 33 56 25 27 62
57 0 12 15 25 40 22 66 98 20
100 12 0 71 39 66 24 62 99 50
35 15 71 0 14 83 55 33 15 6
84 25 39 14 0 43 80 83 74 27
33 40 66 83 43 0 31 53 27 97
56 22 24 55 80 31 0 79 94 28
25 66 62 33 83 53 79 0 86 87
27 98 99 15 74 27 94 86 0 59
62 20 50 6 27 97 28 87 59 0
BRRBBRRBBR