16
0 10 13 26 68 70 22 14 77 55 80 42 7 25 88 59
10 0 57 35 21 69 97 88 17 35 18 92 28 1 79 90
13 57 0 39 3 44 19 5 96 81 65 61 13 45 60 84
26 35 39 0 70 20 65 5 82 55 59 49 66 45 46 22
68 21 3 70 0 68 49 74 36 19 86 4 56 78 92 2
70 69 44 20 68 0 5 87 71 99 6 18 42 63 29 84
22 97 19 65 49 5 0 22 76 82 38 31 75 6 76 76
14 88 5 5 74 87 22 0 91 99 100 21 22 72 63 76
77 17 96 82 36 71 76 91 0 3 26 91 72 100 4 5
55 35 81 55 19 99 82 99 3 0 21 100 40 89 74 46
80 18 65 59 86 6 38 100 26 21 0 91 23 39 3 47
42 92 61 49 4 18 31 21 91 100 91 0 4 78 90 25
7 28 13 66 56 42 75 22 72 40 23 4 0 17 48 1
25 1 45 45 78 63 6 72 100 89 39 78 17 0 12 36
88 79 60 46 92 29 76 63 4 74 3 90 48 12 0 96
59 90 84 22 2 84 76 76 5 46 47 25 1 36 96 0
BBRRRRRBRRBBBBRB