16
0 41 4 53 11 58 2 73 13 41 88 99 48 48 72 53
41 0 45 11 43 84 59 43 96 25 96 60 58 44 13 8
4 45 0 50 1 7 74 78 48 60 36 86 65 27 76 22
53 11 50 0 66 50 100 48 63 55 37 98 34 40 50 82
11 43 1 66 0 28 85 61 27 56 34 100 12 66 62 57
58 84 7 50 28 0 31 65 40 90 15 49 79 75 64 61
2 59 74 100 85 31 0 68 92 19 4 70 30 55 11 16
73 43 78 48 61 65 68 0 3 64 88 16 84 2 8 5
13 96 48 63 27 40 92 3 0 82 92 45 10 89 22 42
41 25 60 55 56 90 19 64 82 0 94 58 44 28 47 1
88 96 36 37 34 15 4 88 92 94 0 23 78 59 42 67
99 60 86 98 100 49 70 16 45 58 23 0 50 75 30 95
48 58 65 34 12 79 30 84 10 44 78 50 0 70 49 58
48 44 27 40 66 75 55 2 89 28 59 75 70 0 76 75
72 13 76 50 62 64 11 8 22 47 42 30 49 76 0 1
53 8 22 82 57 61 16 5 42 1 67 95 58 75 1 0
BRBBRBRBRBRRBRRB