16
0 20 17 22 54 36 77 50 3 69 98 8 1 7 30 91
20 0 34 100 81 68 38 89 88 38 38 73 65 7 26 19
17 34 0 38 97 4 89 8 53 99 71 12 24 95 8 31
22 100 38 0 61 38 46 90 89 72 69 14 58 89 82 22
54 81 97 61 0 32 81 10 73 69 41 29 16 92 79 56
36 68 4 38 32 0 95 90 15 80 100 70 2 5 73 82
77 38 89 46 81 95 0 27 90 41 92 2 30 45 31 62
50 89 8 90 10 90 27 0 51 22 35 37 88 100 2 51
3 88 53 89 73 15 90 51 0 58 69 65 91 49 8 2
69 38 99 72 69 80 41 22 58 0 88 48 93 56 71 61
98 38 71 69 41 100 92 35 69 88 0 32 99 59 22 73
8 73 12 14 29 70 2 37 65 48 32 0 42 46 23 33
1 65 24 58 16 2 30 88 91 93 99 42 0 53 4 92
7 7 95 89 92 5 45 100 49 56 59 46 53 0 53 4
30 26 8 82 79 73 31 2 8 71 22 23 4 53 0 3
91 19 31 22 56 82 62 51 2 61 73 33 92 4 3 0
BBRRBRBRRBRRBBRB