1 2 3 4 5 6 7 8 9 10 11 12 13 14 15 16 17 18 19 20 21 22 23 24 25 26 27 28 29 30 31 32 33 34 35 36 37 38 39 40 41 42 43 44 45 46 47 48 49 50
22 18 28 9 12 16 14 3 13 23 20 10 1 5 15 6 2 19 21 26 11 4 7 8 0 24 17 27 25 29
9 3 1 0 5 7 8 6 4 2
33 47 3 20 2 27 32 24 13 17 15 40 26 37 46 23 49 42 28 0 1 8 22 7 10 21 25 12 6 31 19 48 16 44 5 30 41 18 35 39 14 9 38 45 29 43 4 34 11 36
20 21 22 25 26 27 16 17 18 19 1 2 3 4 5 0 7 8 9 10 11 12 13 24 23 6 15 14
0 18 35 27 42 7 25 43 4 20 12 36 38 24 16 10 2 29 41 15 11 23 30 45 34 48 17 5 8 22 21 31 1 9 26 33 49 39 28 40 47 46 3 37 19 13 44 14 32 6
33 34 35 36 37 38 30 29 28 27 26 25 21 22 20 19 18 17 14 13 12 11 10 9 1 2 3 4 5 6 7 47 39 24 32 23 15 0 8 16 31 40 41 42 43 44 45 46
19 13 31 10 44 36 21 26 41 32 35 17 37 27 28 30 15 5 7 29 39 6 23 11 4 45 33 1 20 18 48 43 47 9 34 16 2 40 25 12 38 8 49 24 22 14 0 46 3 42
45 21 37 33 41 17 13 9 47 46 44 18 16 15 39 38 36 10 8 7 31 30 28 2 0 1 25 26 27 3 4 6 32 34 35 11 12 14 40 42 43 19 20 22 48 49 29 5 23 24
41 21 34 13 2 27 23 3 15 45 8 48 6 12 5 37 0 1 20 30 17 4 22 44 40 46 11 24 29 35 16 39 38 42 9 14 49 25 7 31 36 32 33 19 28 43 18 26 47 10
12 11 25 24 23 22 27 28 38 39 40 41 42 34 29 21 13 10 18 26 37 45 44 43 30 31 32 33 14 15 16 17 0 1 2 3 4 5 6 7 8 9 47 46 35 36 20 19
1 10 5 17 19 4 9 6 14 11 2 18 12 13 16 7 15 0 8 3
49 0 1 2 3 4 5 6 7 8 9 10 11 12 13 14 15 16 17 18 19 20 21 22 23 24 25 26 27 28 29 30 31 32 33 34 35 36 37 38 39 40 41 42 43 44 45 46 47 48
47 32 3 4 19 24 11 13 42 7 39 33 18 25 36 35 37 44 20 34 29 14 15 22 9 1 26 40 5 41 31 45 8 43 48 38 21 49 2 17 16 30 27 6 28 12 23 46 0 10
34 30 38 41 18 44 43 4 6 12 33 39 8 31 28 42 16 45 13 2 36 15 7 21 20 11 32 29 25 27 48 17 1 0 5 26 3 19 40 10 49 9 24 22 35 46 23 37 14 47
10 18 26 19 14 45 21 33 25 30 4 28 46 12 40 0 6 22 11 9 41 42 3 13 5 44 32 47 1 20 29 36 38 37 31 48 39 43 8 15 16 2 7 27 34 23 24 49 17 35
9 7 4 2 0 1 3 5 6 8
33 15 22 40 10 8 6 4 2 3 5 7 9 11 41 23 29 32 14 44 35 17 47 34 16 46 26 28 45 38 20 13 31 1 25 19 37 43 27 21 39 42 12 30 0 24 18 36
29 14 37 39 35 27 11 6 15 44 49 34 9 38 28 18 36 13 7 20 42 19 3 16 31 4 21 48 41 0 30 1 45 40 10 12 26 17 25 32 23 46 33 22 47 24 8 5 2 43
47 43 46 45 44 42 41 40 31 27 30 29 28 26 25 24 15 11 10 13 14 8 9 12 0 1 2 4 5 6 3 7 16 17 18 20 21 22 19 23 32 33 34 36 37 38 35 39
37 33 44 30 9 39 49 23 48 6 17 34 32 8 36 16 28 27 43 47 1 11 41 29 10 2 45 0 18 22 3 20 26 19 46 38 13 31 7 5 42 15 12 21 4 25 14 24 35 40
2 25 20 4 0 13 19 5 8 15 7 23 6 10 1 9 22 12 3 18 11 16 21 14 24 17
15 3 8 5 13 9 1 12 0 4 14 6 7 2 11 10
4 3 5 13 12 11 10 9 8 7 6 2 0 1 15 14 16 17 18 19
42 30 11 41 9 16 6 34 23 47 5 4 1 43 28 33 17 13 26 40 46 7 21 2 49 25 15 39 22 29 38 44 14 37 12 35 19 48 18 20 8 32 27 31 24 0 10 36 3 45
9 12 6 4 40 33 15 37 22 5 43 20 24 31 35 46 14 34 0 39 36 25 3 32 27 17 18 29 1 49 42 28 48 26 23 13 10 16 45 38 8 47 2 7 44 21 41 30 11 19
40 9 12 16 10 17 15 11 14 13 18 19 22 26 25 27 20 24 23 28 29 32 36 30 37 35 31 34 33 38 39 2 6 0 7 5 1 4 3 8 21 42 49 41 44 48 47 43 46 45
13 24 47 37 39 14 16 30 12 21 33 23 28 0 4 1 9 6 41 48 36 35 27 31 11 49 38 2 18 8 10 29 25 26 17 22 19 34 43 15 7 20 44 5 40 42 3 45 32 46
5 9 4 6 3 0 8 7 1 2
13 19 1 2 35 38 36 42 37 49 44 46 30 41 39 48 33 31 47 0 4 3 7 6 26 10 15 12 14 5 9 8 27 11 23 16 32 17 40 18 20 29 28 43 24 45 21 34 22 25
2 0 1 3 4 5
2 12 11 1 5 6 8 9 10 4 13 14 15 0 3 7
49 0 1 2 3 4 5 6 7 8 9 10 11 12 13 14 15 16 17 18 19 20 21 22 23 24 25 26 27 28 29 30 31 32 33 34 35 36 37 38 39 40 41 42 43 44 45 46 47 48
27 28 12 49 32 5 45 21 10 46 9 13 43 22 40 11 35 19 1 30 48 15 24 17 4 0 47 31 26 18 29 16 23 14 44 34 33 36 3 2 42 25 8 20 39 6 37 7 38 41
49 10 34 0 1 33 9 32 8 31 7 30 6 29 5 28 4 27 3 26 2 25 48 11 47 12 46 13 45 14 44 15 43 16 42 17 41 18 40 19 39 20 38 21 37 22 36 23 35 24
19 20 18 16 17 15 12 10 13 7 6 4 2 3 0 1 5 8 11 9 14 21
1 37 8 4 33 13 15 17 32 29 28 10 9 44 34 31 40 20 39 24 12 36 14 27 0 18 22 16 43 2 45 41 3 46 30 6 19 23 7 35 25 49 26 42 47 21 11 5 38 48
7 39 37 18 35 36 47 17 19 16 32 31 38 6 3 4 49 42 45 12 15 11 28 29 25 23 26 22 27 21 20 24 41 40 43 2 0 1 46 48 44 14 10 13 33 30 34 8 5 9
15 14 12 24 34 26 11 8 6 5 4 3 7 0 1 2 10 37 20 17 32 29 42 47 40 46 39 22 31 35 19 18 30 38 9 36 25 43 21 33 13 44 28 16 23 45 41 27
31 28 19 16 37 7 38 34 32 14 1 15 40 6 2 41 44 0 10 18 20 29 49 3 23 30 5 4 12 45 25 35 8 9 11 36 22 42 33 24 21 39 47 48 43 17 46 26 27 13
46 40 28 23 1 41 16 6 43 22 27 39 19 12 37 3 0 25 10 45 20 14 30 2 18 21 26 11 13 4 29 38 49 24 7 8 33 32 9 31 47 48 17 36 5 34 44 15 42 35
24 48 22 46 20 44 18 42 16 40 14 38 12 36 10 34 8 32 6 30 4 28 2 26 0 25 1 27 3 29 5 31 7 33 9 35 11 37 13 39 15 41 17 43 19 45 21 47 23 49
2 0 1 3
24 45 28 3 23 26 35 31 2 6 17 44 9 12 37 5 21 36 18 22 25 33 30 7 11 14 29 15 16 43 32 27 19 13 39 49 42 8 10 47 48 34 20 4 0 38 1 46 41 40
29 15 31 28 19 8 45 44 16 40 27 24 43 3 34 9 49 4 0 38 35 32 21 23 42 25 18 1 14 20 13 26 30 37 46 11 10 33 36 2 12 5 7 47 17 48 22 6 39 41
18 22 15 31 16 11 3 26 25 35 43 45 17 46 19 29 13 41 0 2 49 1 12 39 33 4 10 47 42 23 28 48 27 9 38 44 20 8 36 30 14 24 37 5 34 32 6 40 7 21
0 1 2 3 4 5 6 7 8 9 10 11 12 13 14 15 16 17 18 19 20 21 22 23 24 25 26 27 28 29 30 31 32 33 34 35 36 37 38 39 40 41 42 43 44 45 46 47
0 29 19 20 25 8 6 15 27 26 24 28 30 31 17 18 16 5 7 4 1 3 2 14 13 12 10 9 11 21 23 22
27 11 16 2 8 29 19 36 1 13 30 48 18 45 21 38 9 32 35 34 39 31 20 33 15 6 28 37 43 24 7 4 23 26 46 42 3 49 47 22 44 17 14 5 12 41 0 25 10 40
45 13 34 3 46 32 48 28 35 33 1 43 8 10 0 42 40 20 22 5 29 2 6 47 38 4 15 19 49 9 26 25 30 24 11 18 41 39 27 36 21 37 14 12 16 44 31 17 23 7
5 39 32 4 37 19 26 23 22 7 30 34 35 33 17 12 16 3 38 21 6 14 25 13 31 1 15 24 0 36 27 9 29 18 8 28 11 2 10 20
34 19 21 14 3 32 20 31 49 35 11 39 29 18 23 10 27 2 44 13 30 22 9 15 17 43 41 46 36 24 8 16 6 38 26 47 33 37 45 25 28 1 12 48 4 5 7 0 42 40
48 39 38 30 17 16 12 11 15 19 20 24 28 27 31 35 36 40 41 42 37 29 34 26 21 13 18 10 5 6 0 4 8 7 3 2 1 9 14 22 23 25 32 33 43 47 46 45 44 49
5 7 10 12 32 4 3 31 30 17 42 41 38 16 35 23 25 18 33 20 14 48 24 19 36 45 47 28 43 27 6 22 2 49 1 39 0 26 44 11 8 9 29 40 21 34 13 46 37 15
10 40 15 49 30 12 29 45 26 27 38 46 37 47 6 5 21 7 33 43 4 16 34 0 3 44 48 9 1 19 2 8 42 13 32 14 18 11 24 23 28 36 22 39 31 20 35 41 25 17
14 32 33 12 13 21 3 23 15 16 18 43 42 40 39 38 31 30 22 49 48 47 46 44 29 11 35 20 19 5 4 28 1 34 41 0 27 2 9 10 8 45 7 6 17 37 36 24 25 26
8 27 39 0 26 3 32 33 20 22 38 10 21 43 49 1 46 48 9 37 11 31 23 19 2 40 16 41 35 25 28 6 36 4 24 13 34 15 18 29 30 5 14 42 45 12 7 17 44 47
48 47 45 43 40 38 36 35 33 31 28 26 24 23 21 19 16 14 12 11 9 7 4 2 0 1 3 5 6 8 10 13 15 17 18 20 22 25 27 29 30 32 34 37 39 41 42 44 46 49
7 46 27 11 40 29 44 36 34 1 24 39 21 16 19 4 30 20 8 10 42 33 3 37 43 41 18 17 32 45 47 2 6 26 23 38 49 31 14 12 13 5 22 35 0 48 15 9 28 25
0 1 8 20 14 23 41 17 21 7 16 48 45 19 35 11 43 34 36 30 32 25 28 40 29 13 18 33 46 31 47 4 49 10 37 38 15 12 2 6 9 42 5 27 3 24 26 39 22 44
29 43 2 26 41 38 44 35 5 37 45 30 42 13 3 12 36 7 11 6 16 32 23 15 17 19 21 9 0 8 10 33 31 22 1 18 14 4 34 47 48 46 49 40 28 20 25 27 24 39
26 6 20 12 17 9 29 41 23 0 2 24 30 28 34 7 37 31 22 25 27 45 10 11 40 32 46 48 36 47 39 38 19 18 4 21 15 33 1 8 16 3 14 43 13 42 5 35 44 49
0 1 2 3 4 5 6 7 8 49 9 10 11 12 13 14 15 16 17 18 19 20 21 22 23 24 25 26 27 28 29 30 31 32 33 34 35 36 37 38 39 40 41 42 43 44 45 46 47 48
23 21 19 17 15 13 11 9 7 5 3 0 2 1 4 6 8 10 12 14 16 18 20 22
0 2 6 5 1 4 3 7
1 9 45 24 25 4 5 2 30 29 0 47 21 26 49 33 10 38 42 48 14 36 22 12 37 7 6 13 40 46 43 15 32 28 3 23 41 44 31 17 27 20 11 18 39 34 8 19 35 16
38 39 35 36 32 33 30 31 27 28 24 25 22 23 19 20 16 17 14 15 11 12 8 9 2 1 0 4 3 7 6 5 10 18 13 21 26 34 29 37 42 41 40 44 43 47 46 45
48 46 44 42 40 38 36 34 32 30 28 26 24 22 20 18 16 14 12 10 8 6 4 2 0 1 3 5 7 9 11 13 15 17 19 21 23 25 27 29 31 33 35 37 39 41 43 45 47 49
30 16 33 2 22 44 7 25 23 5 14 6 18 40 41 38 27 0 42 34 29 35 48 4 20 26 39 12 19 36 43 45 3 10 1 32 47 21 31 49 46 17 24 13 11 8 9 15 28 37
39 6 28 31 27 10 16 29 32 23 30 9 25 37 34 12 21 40 44 42 36 26 1 4 22 20 7 47 48 11 0 49 13 3 15 8 24 35 14 18 19 45 2 17 33 38 41 46 5 43
33 45 5 26 24 10 30 37 38 23 27 3 6 0 2 1 12 19 36 20 43 42 44 14 47 32 17 39 25 29 13 21 11 35 34 22 7 8 28 16 18 41 4 31 46 15 9 40
16 14 24 31 29 26 36 33 8 25 48 42 4 41 15 1 46 21 43 0 32 35 17 37 45 12 30 39 11 7 34 10 23 13 38 40 28 18 2 49 22 20 3 6 9 47 5 27 44 19
3 12 34 11 48 22 23 1 49 5 10 44 19 13 7 39 15 31 45 14 8 42 47 30 35 32 36 26 37 29 43 41 9 40 46 6 24 21 27 20 25 18 0 33 17 4 28 2 16 38
39 49 35 40 38 26 18 24 4 9 15 12 0 30 23 25 29 36 20 48 27 14 10 41 34 31 21 22 46 42 6 13 16 17 11 47 7 28 5 19 33 3 1 8 45 44 32 43 2 37
23 16 8 17 19 21 14 7 6 5 0 1 3 4 28 26 13 11 9 2 29 27 25 18 20 22 15 10 24 12
24 38 35 48 0 12 36 14 26 29 41 10 5 15 30 31 44 40 4 6 3 8 43 19 47 17 39 2 21 9 42 13 16 22 28 46 45 11 20 33 1 27 49 25 34 32 7 23 18 37
42 20 28 46 18 24 33 10 47 45 40 39 35 23 11 4 3 2 1 7 26 5 12 14 41 0 29 48 32 15 27 36 17 6 25 22 34 49 19 8 43 44 38 37 21 31 30 16 13 9
2 0 1 3
13 12 14 16 15 17 18 20 19 4 5 3 2 0 1 10 11 9 8 7 6 46 45 47 37 36 38 39 40 41 42 43 44 34 35 33 32 31 30 29 27 28 25 26 24 23 22 21
4 9 18 10 19 5 8 15 12 17 3 1 2 14 7 0 6 11 16 13
13 12 25 24 23 8 7 6 19 18 17 2 0 1 14 15 16 3 4 5 20 21 22 9 10 11 26 27
5 49 39 44 45 13 35 21 26 40 30 48 8 33 32 14 38 9 19 34 27 12 29 4 10 41 6 43 11 46 1 0 25 24 2 28 17 15 22 3 42 36 37 7 23 20 47 16 31 18
27 48 20 11 31 45 13 30 18 9 44 2 8 24 5 1 49 10 0 22 40 29 38 15 26 17 36 47 37 7 39 43 25 42 34 14 41 19 3 12 35 16 46 32 28 23 6 4 21 33
3 1 2 9 4 6 5 8 7 0
31 11 43 13 18 28 17 39 44 40 48 36 2 21 23 35 1 10 0 6 27 46 26 12 8 41 37 42 4 9 22 34 15 32 30 47 33 19 24 38 20 45 3 5 29 25 14 16 7 49
33 23 13 31 22 44 39 6 32 34 20 30 29 24 14 42 7 16 9 28 25 49 2 8 40 15 19 5 45 0 43 11 35 47 41 3 17 4 27 48 46 36 38 21 18 26 1 37 12 10
21 23 20 28 24 29 46 45 44 3 5 0 31 34 33 15 13 14 22 19 18 17 16 12 8 11 6 2 1 4 47 43 42 41 37 39 10 7 9 25 27 26 30 35 32 36 38 40
31 45 35 15 18 40 14 16 36 8 32 11 38 3 22 30 6 26 28 1 12 0 47 9 19 42 2 4 33 48 13 21 49 25 20 39 5 24 41 37 17 23 29 7 44 10 27 46 34 43
4 2 0 1 3 5
47 46 45 2 41 40 39 37 38 0 3 4 5 6 7 8 9 10 11 12 13 14 15 16 17 18 19 20 21 22 23 24 25 26 27 28 29 30 31 32 33 34 35 36 49 48 1 42 43 44
19 21 16 4 17 25 12 37 40 35 3 26 23 20 24 13 38 15 31 6 32 14 11 10 36 9 39 18 5 29 42 22 0 30 7 1 8 34 43 45 27 28 2 44 41 33
22 18 28 9 12 16 14 3 13 23 20 10 1 5 15 6 2 19 21 26 11 4 7 8 0 24 17 27 25 29
22 18 28 9 12 16 14 3 13 23 20 10 1 5 15 6 2 19 21 26 11 4 7 8 0 24 17 27 25 29
9 3 1 0 5 7 8 6 4 2
33 47 3 20 2 27 32 24 13 17 15 40 26 37 46 23 49 42 28 0 1 8 22 7 10 21 25 12 6 31 19 48 16 44 5 30 41 18 35 39 14 9 38 45 29 43 4 34 11 36
20 21 22 25 26 27 16 17 18 19 1 2 3 4 5 0 7 8 9 10 11 12 13 24 23 6 15 14
0 18 35 27 42 7 25 43 4 20 12 36 38 24 16 10 2 29 41 15 11 23 30 45 34 48 17 5 8 22 21 31 1 9 26 33 49 39 28 40 47 46 3 37 19 13 44 14 32 6
33 34 35 36 37 38 30 29 28 27 26 25 21 22 20 19 18 17 14 13 12 11 10 9 1 2 3 4 5 6 7 47 39 24 32 23 15 0 8 16 31 40 41 42 43 44 45 46
19 13 31 10 44 36 21 26 41 32 35 17 37 27 28 30 15 5 7 29 39 6 23 11 4 45 33 1 20 18 48 43 47 9 34 16 2 40 25 12 38 8 49 24 22 14 0 46 3 42
45 21 37 33 41 17 13 9 47 46 44 18 16 15 39 38 36 10 8 7 31 30 28 2 0 1 25 26 27 3 4 6 32 34 35 11 12 14 40 42 43 19 20 22 48 49 29 5 23 24
41 21 34 13 2 27 23 3 15 45 8 48 6 12 5 37 0 1 20 30 17 4 22 44 40 46 11 24 29 35 16 39 38 42 9 14 49 25 7 31 36 32 33 19 28 43 18 26 47 10
12 11 25 24 23 22 27 28 38 39 40 41 42 34 29 21 13 10 18 26 37 45 44 43 30 31 32 33 14 15 16 17 0 1 2 3 4 5 6 7 8 9 47 46 35 36 20 19
1 10 5 17 19 4 9 6 14 11 2 18 12 13 16 7 15 0 8 3
49 0 1 2 3 4 5 6 7 8 9 10 11 12 13 14 15 16 17 18 19 20 21 22 23 24 25 26 27 28 29 30 31 32 33 34 35 36 37 38 39 40 41 42 43 44 45 46 47 48
47 32 3 4 19 24 11 13 42 7 39 33 18 25 36 35 37 44 20 34 29 14 15 22 9 1 26 40 5 41 31 45 8 43 48 38 21 49 2 17 16 30 27 6 28 12 23 46 0 10
34 30 38 41 18 44 43 4 6 12 33 39 8 31 28 42 16 45 13 2 36 15 7 21 20 11 32 29 25 27 48 17 1 0 5 26 3 19 40 10 49 9 24 22 35 46 23 37 14 47
10 18 26 19 14 45 21 33 25 30 4 28 46 12 40 0 6 22 11 9 41 42 3 13 5 44 32 47 1 20 29 36 38 37 31 48 39 43 8 15 16 2 7 27 34 23 24 49 17 35
9 7 4 2 0 1 3 5 6 8
33 15 22 40 10 8 6 4 2 3 5 7 9 11 41 23 29 32 14 44 35 17 47 34 16 46 26 28 45 38 20 13 31 1 25 19 37 43 27 21 39 42 12 30 0 24 18 36
29 14 37 39 35 27 11 6 15 44 49 34 9 38 28 18 36 13 7 20 42 19 3 16 31 4 21 48 41 0 30 1 45 40 10 12 26 17 25 32 23 46 33 22 47 24 8 5 2 43
47 43 46 45 44 42 41 40 31 27 30 29 28 26 25 24 15 11 10 13 14 8 9 12 0 1 2 4 5 6 3 7 16 17 18 20 21 22 19 23 32 33 34 36 37 38 35 39
37 33 44 30 9 39 49 23 48 6 17 34 32 8 36 16 28 27 43 47 1 11 41 29 10 2 45 0 18 22 3 20 26 19 46 38 13 31 7 5 42 15 12 21 4 25 14 24 35 40
2 25 20 4 0 13 19 5 8 15 7 23 6 10 1 9 22 12 3 18 11 16 21 14 24 17
15 3 8 5 13 9 1 12 0 4 14 6 7 2 11 10
4 3 5 13 12 11 10 9 8 7 6 2 0 1 15 14 16 17 18 19
42 30 11 41 9 16 6 34 23 47 5 4 1 43 28 33 17 13 26 40 46 7 21 2 49 25 15 39 22 29 38 44 14 37 12 35 19 48 18 20 8 32 27 31 24 0 10 36 3 45
9 12 6 4 40 33 15 37 22 5 43 20 24 31 35 46 14 34 0 39 36 25 3 32 27 17 18 29 1 49 42 28 48 26 23 13 10 16 45 38 8 47 2 7 44 21 41 30 11 19
40 9 12 16 10 17 15 11 14 13 18 19 22 26 25 27 20 24 23 28 29 32 36 30 37 35 31 34 33 38 39 2 6 0 7 5 1 4 3 8 21 42 49 41 44 48 47 43 46 45
13 24 47 37 39 14 16 30 12 21 33 23 28 0 4 1 9 6 41 48 36 35 27 31 11 49 38 2 18 8 10 29 25 26 17 22 19 34 43 15 7 20 44 5 40 42 3 45 32 46
5 9 4 6 3 0 8 7 1 2
13 19 1 2 35 38 36 42 37 49 44 46 30 41 39 48 33 31 47 0 4 3 7 6 26 10 15 12 14 5 9 8 27 11 23 16 32 17 40 18 20 29 28 43 24 45 21 34 22 25
2 0 1 3 4 5
2 12 11 1 5 6 8 9 10 4 13 14 15 0 3 7
49 0 1 2 3 4 5 6 7 8 9 10 11 12 13 14 15 16 17 18 19 20 21 22 23 24 25 26 27 28 29 30 31 32 33 34 35 36 37 38 39 40 41 42 43 44 45 46 47 48
27 28 12 49 32 5 45 21 10 46 9 13 43 22 40 11 35 19 1 30 48 15 24 17 4 0 47 31 26 18 29 16 23 14 44 34 33 36 3 2 42 25 8 20 39 6 37 7 38 41
49 10 34 0 1 33 9 32 8 31 7 30 6 29 5 28 4 27 3 26 2 25 48 11 47 12 46 13 45 14 44 15 43 16 42 17 41 18 40 19 39 20 38 21 37 22 36 23 35 24
19 20 18 16 17 15 12 10 13 7 6 4 2 3 0 1 5 8 11 9 14 21
22 18 28 9 12 16 14 3 13 23 20 10 1 5 15 6 2 19 21 26 11 4 7 8 0 24 17 27 25 29
9 3 1 0 5 7 8 6 4 2
33 47 3 20 2 27 32 24 13 17 15 40 26 37 46 23 49 42 28 0 1 8 22 7 10 21 25 12 6 31 19 48 16 44 5 30 41 18 35 39 14 9 38 45 29 43 4 34 11 36
20 21 22 25 26 27 16 17 18 19 1 2 3 4 5 0 7 8 9 10 11 12 13 24 23 6 15 14
0 18 35 27 42 7 25 43 4 20 12 36 38 24 16 10 2 29 41 15 11 23 30 45 34 48 17 5 8 22 21 31 1 9 26 33 49 39 28 40 47 46 3 37 19 13 44 14 32 6
33 34 35 36 37 38 30 29 28 27 26 25 21 22 20 19 18 17 14 13 12 11 10 9 1 2 3 4 5 6 7 47 39 24 32 23 15 0 8 16 31 40 41 42 43 44 45 46
19 13 31 10 44 36 21 26 41 32 35 17 37 27 28 30 15 5 7 29 39 6 23 11 4 45 33 1 20 18 48 43 47 9 34 16 2 40 25 12 38 8 49 24 22 14 0 46 3 42
45 21 37 33 41 17 13 9 47 46 44 18 16 15 39 38 36 10 8 7 31 30 28 2 0 1 25 26 27 3 4 6 32 34 35 11 12 14 40 42 43 19 20 22 48 49 29 5 23 24
41 21 34 13 2 27 23 3 15 45 8 48 6 12 5 37 0 1 20 30 17 4 22 44 40 46 11 24 29 35 16 39 38 42 9 14 49 25 7 31 36 32 33 19 28 43 18 26 47 10
12 11 25 24 23 22 27 28 38 39 40 41 42 34 29 21 13 10 18 26 37 45 44 43 30 31 32 33 14 15 16 17 0 1 2 3 4 5 6 7 8 9 47 46 35 36 20 19
1 10 5 17 19 4 9 6 14 11 2 18 12 13 16 7 15 0 8 3
49 0 1 2 3 4 5 6 7 8 9 10 11 12 13 14 15 16 17 18 19 20 21 22 23 24 25 26 27 28 29 30 31 32 33 34 35 36 37 38 39 40 41 42 43 44 45 46 47 48
47 32 3 4 19 24 11 13 42 7 39 33 18 25 36 35 37 44 20 34 29 14 15 22 9 1 26 40 5 41 31 45 8 43 48 38 21 49 2 17 16 30 27 6 28 12 23 46 0 10
34 30 38 41 18 44 43 4 6 12 33 39 8 31 28 42 16 45 13 2 36 15 7 21 20 11 32 29 25 27 48 17 1 0 5 26 3 19 40 10 49 9 24 22 35 46 23 37 14 47
10 18 26 19 14 45 21 33 25 30 4 28 46 12 40 0 6 22 11 9 41 42 3 13 5 44 32 47 1 20 29 36 38 37 31 48 39 43 8 15 16 2 7 27 34 23 24 49 17 35
9 7 4 2 0 1 3 5 6 8
33 15 22 40 10 8 6 4 2 3 5 7 9 11 41 23 29 32 14 44 35 17 47 34 16 46 26 28 45 38 20 13 31 1 25 19 37 43 27 21 39 42 12 30 0 24 18 36
29 14 37 39 35 27 11 6 15 44 49 34 9 38 28 18 36 13 7 20 42 19 3 16 31 4 21 48 41 0 30 1 45 40 10 12 26 17 25 32 23 46 33 22 47 24 8 5 2 43
47 43 46 45 44 42 41 40 31 27 30 29 28 26 25 24 15 11 10 13 14 8 9 12 0 1 2 4 5 6 3 7 16 17 18 20 21 22 19 23 32 33 34 36 37 38 35 39
37 33 44 30 9 39 49 23 48 6 17 34 32 8 36 16 28 27 43 47 1 11 41 29 10 2 45 0 18 22 3 20 26 19 46 38 13 31 7 5 42 15 12 21 4 25 14 24 35 40
2 25 20 4 0 13 19 5 8 15 7 23 6 10 1 9 22 12 3 18 11 16 21 14 24 17
15 3 8 5 13 9 1 12 0 4 14 6 7 2 11 10
4 3 5 13 12 11 10 9 8 7 6 2 0 1 15 14 16 17 18 19
42 30 11 41 9 16 6 34 23 47 5 4 1 43 28 33 17 13 26 40 46 7 21 2 49 25 15 39 22 29 38 44 14 37 12 35 19 48 18 20 8 32 27 31 24 0 10 36 3 45
9 12 6 4 40 33 15 37 22 5 43 20 24 31 35 46 14 34 0 39 36 25 3 32 27 17 18 29 1 49 42 28 48 26 23 13 10 16 45 38 8 47 2 7 44 21 41 30 11 19
40 9 12 16 10 17 15 11 14 13 18 19 22 26 25 27 20 24 23 28 29 32 36 30 37 35 31 34 33 38 39 2 6 0 7 5 1 4 3 8 21 42 49 41 44 48 47 43 46 45
13 24 47 37 39 14 16 30 12 21 33 23 28 0 4 1 9 6 41 48 36 35 27 31 11 49 38 2 18 8 10 29 25 26 17 22 19 34 43 15 7 20 44 5 40 42 3 45 32 46
5 9 4 6 3 0 8 7 1 2
13 19 1 2 35 38 36 42 37 49 44 46 30 41 39 48 33 31 47 0 4 3 7 6 26 10 15 12 14 5 9 8 27 11 23 16 32 17 40 18 20 29 28 43 24 45 21 34 22 25
2 0 1 3 4 5
2 12 11 1 5 6 8 9 10 4 13 14 15 0 3 7
49 0 1 2 3 4 5 6 7 8 9 10 11 12 13 14 15 16 17 18 19 20 21 22 23 24 25 26 27 28 29 30 31 32 33 34 35 36 37 38 39 40 41 42 43 44 45 46 47 48
27 28 12 49 32 5 45 21 10 46 9 13 43 22 40 11 35 19 1 30 48 15 24 17 4 0 47 31 26 18 29 16 23 14 44 34 33 36 3 2 42 25 8 20 39 6 37 7 38 41
49 10 34 0 1 33 9 32 8 31 7 30 6 29 5 28 4 27 3 26 2 25 48 11 47 12 46 13 45 14 44 15 43 16 42 17 41 18 40 19 39 20 38 21 37 22 36 23 35 24
19 20 18 16 17 15 12 10 13 7 6 4 2 3 0 1 5 8 11 9 14 21
1 37 8 4 33 13 15 17 32 29 28 10 9 44 34 31 40 20 39 24 12 36 14 27 0 18 22 16 43 2 45 41 3 46 30 6 19 23 7 35 25 49 26 42 47 21 11 5 38 48
7 39 37 18 35 36 47 17 19 16 32 31 38 6 3 4 49 42 45 12 15 11 28 29 25 23 26 22 27 21 20 24 41 40 43 2 0 1 46 48 44 14 10 13 33 30 34 8 5 9
15 14 12 24 34 26 11 8 6 5 4 3 7 0 1 2 10 37 20 17 32 29 42 47 40 46 39 22 31 35 19 18 30 38 9 36 25 43 21 33 13 44 28 16 23 45 41 27
31 28 19 16 37 7 38 34 32 14 1 15 40 6 2 41 44 0 10 18 20 29 49 3 23 30 5 4 12 45 25 35 8 9 11 36 22 42 33 24 21 39 47 48 43 17 46 26 27 13
46 40 28 23 1 41 16 6 43 22 27 39 19 12 37 3 0 25 10 45 20 14 30 2 18 21 26 11 13 4 29 38 49 24 7 8 33 32 9 31 47 48 17 36 5 34 44 15 42 35
24 48 22 46 20 44 18 42 16 40 14 38 12 36 10 34 8 32 6 30 4 28 2 26 0 25 1 27 3 29 5 31 7 33 9 35 11 37 13 39 15 41 17 43 19 45 21 47 23 49
2 0 1 3
24 45 28 3 23 26 35 31 2 6 17 44 9 12 37 5 21 36 18 22 25 33 30 7 11 14 29 15 16 43 32 27 19 13 39 49 42 8 10 47 48 34 20 4 0 38 1 46 41 40
29 15 31 28 19 8 45 44 16 40 27 24 43 3 34 9 49 4 0 38 35 32 21 23 42 25 18 1 14 20 13 26 30 37 46 11 10 33 36 2 12 5 7 47 17 48 22 6 39 41
18 22 15 31 16 11 3 26 25 35 43 45 17 46 19 29 13 41 0 2 49 1 12 39 33 4 10 47 42 23 28 48 27 9 38 44 20 8 36 30 14 24 37 5 34 32 6 40 7 21
0 1 2 3 4 5 6 7 8 9 10 11 12 13 14 15 16 17 18 19 20 21 22 23 24 25 26 27 28 29 30 31 32 33 34 35 36 37 38 39 40 41 42 43 44 45 46 47
0 29 19 20 25 8 6 15 27 26 24 28 30 31 17 18 16 5 7 4 1 3 2 14 13 12 10 9 11 21 23 22
27 11 16 2 8 29 19 36 1 13 30 48 18 45 21 38 9 32 35 34 39 31 20 33 15 6 28 37 43 24 7 4 23 26 46 42 3 49 47 22 44 17 14 5 12 41 0 25 10 40
45 13 34 3 46 32 48 28 35 33 1 43 8 10 0 42 40 20 22 5 29 2 6 47 38 4 15 19 49 9 26 25 30 24 11 18 41 39 27 36 21 37 14 12 16 44 31 17 23 7
5 39 32 4 37 19 26 23 22 7 30 34 35 33 17 12 16 3 38 21 6 14 25 13 31 1 15 24 0 36 27 9 29 18 8 28 11 2 10 20
34 19 21 14 3 32 20 31 49 35 11 39 29 18 23 10 27 2 44 13 30 22 9 15 17 43 41 46 36 24 8 16 6 38 26 47 33 37 45 25 28 1 12 48 4 5 7 0 42 40
48 39 38 30 17 16 12 11 15 19 20 24 28 27 31 35 36 40 41 42 37 29 34 26 21 13 18 10 5 6 0 4 8 7 3 2 1 9 14 22 23 25 32 33 43 47 46 45 44 49
5 7 10 12 32 4 3 31 30 17 42 41 38 16 35 23 25 18 33 20 14 48 24 19 36 45 47 28 43 27 6 22 2 49 1 39 0 26 44 11 8 9 29 40 21 34 13 46 37 15
10 40 15 49 30 12 29 45 26 27 38 46 37 47 6 5 21 7 33 43 4 16 34 0 3 44 48 9 1 19 2 8 42 13 32 14 18 11 24 23 28 36 22 39 31 20 35 41 25 17
14 32 33 12 13 21 3 23 15 16 18 43 42 40 39 38 31 30 22 49 48 47 46 44 29 11 35 20 19 5 4 28 1 34 41 0 27 2 9 10 8 45 7 6 17 37 36 24 25 26
8 27 39 0 26 3 32 33 20 22 38 10 21 43 49 1 46 48 9 37 11 31 23 19 2 40 16 41 35 25 28 6 36 4 24 13 34 15 18 29 30 5 14 42 45 12 7 17 44 47
48 47 45 43 40 38 36 35 33 31 28 26 24 23 21 19 16 14 12 11 9 7 4 2 0 1 3 5 6 8 10 13 15 17 18 20 22 25 27 29 30 32 34 37 39 41 42 44 46 49
7 46 27 11 40 29 44 36 34 1 24 39 21 16 19 4 30 20 8 10 42 33 3 37 43 41 18 17 32 45 47 2 6 26 23 38 49 31 14 12 13 5 22 35 0 48 15 9 28 25
0 1 8 20 14 23 41 17 21 7 16 48 45 19 35 11 43 34 36 30 32 25 28 40 29 13 18 33 46 31 47 4 49 10 37 38 15 12 2 6 9 42 5 27 3 24 26 39 22 44
29 43 2 26 41 38 44 35 5 37 45 30 42 13 3 12 36 7 11 6 16 32 23 15 17 19 21 9 0 8 10 33 31 22 1 18 14 4 34 47 48 46 49 40 28 20 25 27 24 39
26 6 20 12 17 9 29 41 23 0 2 24 30 28 34 7 37 31 22 25 27 45 10 11 40 32 46 48 36 47 39 38 19 18 4 21 15 33 1 8 16 3 14 43 13 42 5 35 44 49
0 1 2 3 4 5 6 7 8 49 9 10 11 12 13 14 15 16 17 18 19 20 21 22 23 24 25 26 27 28 29 30 31 32 33 34 35 36 37 38 39 40 41 42 43 44 45 46 47 48
23 21 19 17 15 13 11 9 7 5 3 0 2 1 4 6 8 10 12 14 16 18 20 22
0 2 6 5 1 4 3 7
1 9 45 24 25 4 5 2 30 29 0 47 21 26 49 33 10 38 42 48 14 36 22 12 37 7 6 13 40 46 43 15 32 28 3 23 41 44 31 17 27 20 11 18 39 34 8 19 35 16
38 39 35 36 32 33 30 31 27 28 24 25 22 23 19 20 16 17 14 15 11 12 8 9 2 1 0 4 3 7 6 5 10 18 13 21 26 34 29 37 42 41 40 44 43 47 46 45
48 46 44 42 40 38 36 34 32 30 28 26 24 22 20 18 16 14 12 10 8 6 4 2 0 1 3 5 7 9 11 13 15 17 19 21 23 25 27 29 31 33 35 37 39 41 43 45 47 49
30 16 33 2 22 44 7 25 23 5 14 6 18 40 41 38 27 0 42 34 29 35 48 4 20 26 39 12 19 36 43 45 3 10 1 32 47 21 31 49 46 17 24 13 11 8 9 15 28 37
39 6 28 31 27 10 16 29 32 23 30 9 25 37 34 12 21 40 44 42 36 26 1 4 22 20 7 47 48 11 0 49 13 3 15 8 24 35 14 18 19 45 2 17 33 38 41 46 5 43
33 45 5 26 24 10 30 37 38 23 27 3 6 0 2 1 12 19 36 20 43 42 44 14 47 32 17 39 25 29 13 21 11 35 34 22 7 8 28 16 18 41 4 31 46 15 9 40
16 14 24 31 29 26 36 33 8 25 48 42 4 41 15 1 46 21 43 0 32 35 17 37 45 12 30 39 11 7 34 10 23 13 38 40 28 18 2 49 22 20 3 6 9 47 5 27 44 19
3 12 34 11 48 22 23 1 49 5 10 44 19 13 7 39 15 31 45 14 8 42 47 30 35 32 36 26 37 29 43 41 9 40 46 6 24 21 27 20 25 18 0 33 17 4 28 2 16 38
39 49 35 40 38 26 18 24 4 9 15 12 0 30 23 25 29 36 20 48 27 14 10 41 34 31 21 22 46 42 6 13 16 17 11 47 7 28 5 19 33 3 1 8 45 44 32 43 2 37
23 16 8 17 19 21 14 7 6 5 0 1 3 4 28 26 13 11 9 2 29 27 25 18 20 22 15 10 24 12
24 38 35 48 0 12 36 14 26 29 41 10 5 15 30 31 44 40 4 6 3 8 43 19 47 17 39 2 21 9 42 13 16 22 28 46 45 11 20 33 1 27 49 25 34 32 7 23 18 37
42 20 28 46 18 24 33 10 47 45 40 39 35 23 11 4 3 2 1 7 26 5 12 14 41 0 29 48 32 15 27 36 17 6 25 22 34 49 19 8 43 44 38 37 21 31 30 16 13 9
2 0 1 3
13 12 14 16 15 17 18 20 19 4 5 3 2 0 1 10 11 9 8 7 6 46 45 47 37 36 38 39 40 41 42 43 44 34 35 33 32 31 30 29 27 28 25 26 24 23 22 21
4 9 18 10 19 5 8 15 12 17 3 1 2 14 7 0 6 11 16 13
13 12 25 24 23 8 7 6 19 18 17 2 0 1 14 15 16 3 4 5 20 21 22 9 10 11 26 27
5 49 39 44 45 13 35 21 26 40 30 48 8 33 32 14 38 9 19 34 27 12 29 4 10 41 6 43 11 46 1 0 25 24 2 28 17 15 22 3 42 36 37 7 23 20 47 16 31 18
27 48 20 11 31 45 13 30 18 9 44 2 8 24 5 1 49 10 0 22 40 29 38 15 26 17 36 47 37 7 39 43 25 42 34 14 41 19 3 12 35 16 46 32 28 23 6 4 21 33
3 1 2 9 4 6 5 8 7 0
31 11 43 13 18 28 17 39 44 40 48 36 2 21 23 35 1 10 0 6 27 46 26 12 8 41 37 42 4 9 22 34 15 32 30 47 33 19 24 38 20 45 3 5 29 25 14 16 7 49
33 23 13 31 22 44 39 6 32 34 20 30 29 24 14 42 7 16 9 28 25 49 2 8 40 15 19 5 45 0 43 11 35 47 41 3 17 4 27 48 46 36 38 21 18 26 1 37 12 10
21 23 20 28 24 29 46 45 44 3 5 0 31 34 33 15 13 14 22 19 18 17 16 12 8 11 6 2 1 4 47 43 42 41 37 39 10 7 9 25 27 26 30 35 32 36 38 40
31 45 35 15 18 40 14 16 36 8 32 11 38 3 22 30 6 26 28 1 12 0 47 9 19 42 2 4 33 48 13 21 49 25 20 39 5 24 41 37 17 23 29 7 44 10 27 46 34 43
4 2 0 1 3 5
47 46 45 2 41 40 39 37 38 0 3 4 5 6 7 8 9 10 11 12 13 14 15 16 17 18 19 20 21 22 23 24 25 26 27 28 29 30 31 32 33 34 35 36 49 48 1 42 43 44
19 21 16 4 17 25 12 37 40 35 3 26 23 20 24 13 38 15 31 6 32 14 11 10 36 9 39 18 5 29 42 22 0 30 7 1 8 34 43 45 27 28 2 44 41 33
22 18 28 9 12 16 14 3 13 23 20 10 1 5 15 6 2 19 21 26 11 4 7 8 0 24 17 27 25 29
9 3 1 0 5 7 8 6 4 2
33 47 3 20 2 27 32 24 13 17 15 40 26 37 46 23 49 42 28 0 1 8 22 7 10 21 25 12 6 31 19 48 16 44 5 30 41 18 35 39 14 9 38 45 29 43 4 34 11 36
20 21 22 25 26 27 16 17 18 19 1 2 3 4 5 0 7 8 9 10 11 12 13 24 23 6 15 14
0 18 35 27 42 7 25 43 4 20 12 36 38 24 16 10 2 29 41 15 11 23 30 45 34 48 17 5 8 22 21 31 1 9 26 33 49 39 28 40 47 46 3 37 19 13 44 14 32 6
33 34 35 36 37 38 30 29 28 27 26 25 21 22 20 19 18 17 14 13 12 11 10 9 1 2 3 4 5 6 7 47 39 24 32 23 15 0 8 16 31 40 41 42 43 44 45 46
19 13 31 10 44 36 21 26 41 32 35 17 37 27 28 30 15 5 7 29 39 6 23 11 4 45 33 1 20 18 48 43 47 9 34 16 2 40 25 12 38 8 49 24 22 14 0 46 3 42
45 21 37 33 41 17 13 9 47 46 44 18 16 15 39 38 36 10 8 7 31 30 28 2 0 1 25 26 27 3 4 6 32 34 35 11 12 14 40 42 43 19 20 22 48 49 29 5 23 24
41 21 34 13 2 27 23 3 15 45 8 48 6 12 5 37 0 1 20 30 17 4 22 44 40 46 11 24 29 35 16 39 38 42 9 14 49 25 7 31 36 32 33 19 28 43 18 26 47 10
12 11 25 24 23 22 27 28 38 39 40 41 42 34 29 21 13 10 18 26 37 45 44 43 30 31 32 33 14 15 16 17 0 1 2 3 4 5 6 7 8 9 47 46 35 36 20 19
1 10 5 17 19 4 9 6 14 11 2 18 12 13 16 7 15 0 8 3
49 0 1 2 3 4 5 6 7 8 9 10 11 12 13 14 15 16 17 18 19 20 21 22 23 24 25 26 27 28 29 30 31 32 33 34 35 36 37 38 39 40 41 42 43 44 45 46 47 48
47 32 3 4 19 24 11 13 42 7 39 33 18 25 36 35 37 44 20 34 29 14 15 22 9 1 26 40 5 41 31 45 8 43 48 38 21 49 2 17 16 30 27 6 28 12 23 46 0 10
34 30 38 41 18 44 43 4 6 12 33 39 8 31 28 42 16 45 13 2 36 15 7 21 20 11 32 29 25 27 48 17 1 0 5 26 3 19 40 10 49 9 24 22 35 46 23 37 14 47
10 18 26 19 14 45 21 33 25 30 4 28 46 12 40 0 6 22 11 9 41 42 3 13 5 44 32 47 1 20 29 36 38 37 31 48 39 43 8 15 16 2 7 27 34 23 24 49 17 35
9 7 4 2 0 1 3 5 6 8
33 15 22 40 10 8 6 4 2 3 5 7 9 11 41 23 29 32 14 44 35 17 47 34 16 46 26 28 45 38 20 13 31 1 25 19 37 43 27 21 39 42 12 30 0 24 18 36
29 14 37 39 35 27 11 6 15 44 49 34 9 38 28 18 36 13 7 20 42 19 3 16 31 4 21 48 41 0 30 1 45 40 10 12 26 17 25 32 23 46 33 22 47 24 8 5 2 43
47 43 46 45 44 42 41 40 31 27 30 29 28 26 25 24 15 11 10 13 14 8 9 12 0 1 2 4 5 6 3 7 16 17 18 20 21 22 19 23 32 33 34 36 37 38 35 39
37 33 44 30 9 39 49 23 48 6 17 34 32 8 36 16 28 27 43 47 1 11 41 29 10 2 45 0 18 22 3 20 26 19 46 38 13 31 7 5 42 15 12 21 4 25 14 24 35 40
2 25 20 4 0 13 19 5 8 15 7 23 6 10 1 9 22 12 3 18 11 16 21 14 24 17
15 3 8 5 13 9 1 12 0 4 14 6 7 2 11 10
4 3 5 13 12 11 10 9 8 7 6 2 0 1 15 14 16 17 18 19
42 30 11 41 9 16 6 34 23 47 5 4 1 43 28 33 17 13 26 40 46 7 21 2 49 25 15 39 22 29 38 44 14 37 12 35 19 48 18 20 8 32 27 31 24 0 10 36 3 45
9 12 6 4 40 33 15 37 22 5 43 20 24 31 35 46 14 34 0 39 36 25 3 32 27 17 18 29 1 49 42 28 48 26 23 13 10 16 45 38 8 47 2 7 44 21 41 30 11 19
40 9 12 16 10 17 15 11 14 13 18 19 22 26 25 27 20 24 23 28 29 32 36 30 37 35 31 34 33 38 39 2 6 0 7 5 1 4 3 8 21 42 49 41 44 48 47 43 46 45
13 24 47 37 39 14 16 30 12 21 33 23 28 0 4 1 9 6 41 48 36 35 27 31 11 49 38 2 18 8 10 29 25 26 17 22 19 34 43 15 7 20 44 5 40 42 3 45 32 46
5 1 2 6 3 0 8 7 9 4
13 19 1 2 35 38 36 42 37 49 44 46 30 41 39 48 33 31 47 0 4 3 7 6 26 10 15 12 14 5 9 8 27 11 23 16 32 17 40 18 20 29 28 43 24 45 21 34 22 25
2 0 1 3 4 5
2 12 11 1 5 6 8 9 10 4 13 14 15 0 3 7
49 0 1 2 3 4 5 6 7 8 9 10 11 12 13 14 15 16 17 18 19 20 21 22 23 24 25 26 27 28 29 30 31 32 33 34 35 36 37 38 39 40 41 42 43 44 45 46 47 48
27 28 12 49 32 5 45 21 10 46 9 13 43 22 40 11 35 19 1 30 48 15 24 17 4 0 47 31 26 18 29 16 23 14 44 34 33 36 3 2 42 25 8 20 39 6 37 7 38 41
49 10 34 0 1 33 9 32 8 31 7 30 6 29 5 28 4 27 3 26 2 25 48 11 47 12 46 13 45 14 44 15 43 16 42 17 41 18 40 19 39 20 38 21 37 22 36 23 35 24
19 20 18 16 17 15 12 10 13 7 6 4 2 3 0 1 5 8 11 9 14 21
1 37 8 4 33 13 15 17 32 29 28 10 9 44 34 31 40 20 39 24 12 36 14 27 0 18 22 16 43 2 45 41 3 46 30 6 19 23 7 35 25 49 26 42 47 21 11 5 38 48
7 39 37 18 35 36 47 17 19 16 32 31 38 6 3 4 49 42 45 12 15 11 28 29 25 23 26 22 27 21 20 24 41 40 43 2 0 1 46 48 44 14 10 13 33 30 34 8 5 9
15 14 12 24 34 26 11 8 6 5 4 3 7 0 1 2 10 37 20 17 32 29 42 47 40 46 39 22 31 35 19 18 30 38 9 36 25 43 21 33 13 44 28 16 23 45 41 27
31 28 19 16 37 7 38 34 32 14 1 15 40 6 2 41 44 0 10 18 20 29 49 3 23 30 5 4 12 45 25 35 8 9 11 36 22 42 33 24 21 39 47 48 43 17 46 26 27 13
46 40 28 23 1 41 16 6 43 22 27 39 19 12 37 3 0 25 10 45 20 14 30 2 18 21 26 11 13 4 29 38 49 24 7 8 33 32 9 31 47 48 17 36 5 34 44 15 42 35
24 48 22 46 20 44 18 42 16 40 14 38 12 36 10 34 8 32 6 30 4 28 2 26 0 25 1 27 3 29 5 31 7 33 9 35 11 37 13 39 15 41 17 43 19 45 21 47 23 49
2 0 1 3
24 45 28 3 23 26 35 31 2 6 17 44 9 12 37 5 21 36 18 22 25 33 30 7 11 14 29 15 16 43 32 27 19 13 39 49 42 8 10 47 48 34 20 4 0 38 1 46 41 40
29 15 31 28 19 8 45 44 16 40 27 24 43 3 34 9 49 4 0 38 35 32 21 23 42 25 18 1 14 20 13 26 30 37 46 11 10 33 36 2 12 5 7 47 17 48 22 6 39 41
22 18 28 9 12 16 14 3 13 23 20 10 1 5 15 6 2 19 21 26 11 4 7 8 0 24 17 27 25 29
1 0 2 4 3 9 6 8 7 5
33 47 3 20 2 27 32 24 13 17 15 40 26 37 46 23 49 42 28 0 1 8 22 7 10 21 25 12 6 31 19 48 16 44 5 30 41 18 35 39 14 9 38 45 29 43 4 34 11 36
20 21 22 25 26 27 16 17 18 19 1 2 3 4 5 0 7 8 9 10 11 12 13 24 23 6 15 14
0 18 35 27 42 7 25 43 4 20 12 36 38 24 16 10 2 29 41 15 11 23 30 45 34 48 17 5 8 22 21 31 1 9 26 33 49 39 28 40 47 46 3 37 19 13 44 14 32 6
33 34 35 36 37 38 30 29 28 27 26 25 21 22 20 19 18 17 14 13 12 11 10 9 1 2 3 4 5 6 7 47 39 24 32 23 15 0 8 16 31 40 41 42 43 44 45 46
19 13 31 10 44 36 21 26 41 32 35 17 37 27 28 30 15 5 7 29 39 6 23 11 4 45 33 1 20 18 48 43 47 9 34 16 2 40 25 12 38 8 49 24 22 14 0 46 3 42
45 21 37 33 41 17 13 9 47 46 44 18 16 15 39 38 36 10 8 7 31 30 28 2 0 1 25 26 27 3 4 6 32 34 35 11 12 14 40 42 43 19 20 22 48 49 29 5 23 24
41 21 34 13 2 27 23 3 15 45 8 48 6 12 5 37 0 1 20 30 17 4 22 44 40 46 11 24 29 35 16 39 38 42 9 14 49 25 7 31 36 32 33 19 28 43 18 26 47 10
12 11 25 24 23 22 27 28 38 39 40 41 42 34 29 21 13 10 18 26 37 45 44 43 30 31 32 33 14 15 16 17 0 1 2 3 4 5 6 7 8 9 47 46 35 36 20 19
1 10 5 17 19 4 9 6 14 11 2 18 12 13 16 7 15 0 8 3
49 0 1 2 3 4 5 6 7 8 9 10 11 12 13 14 15 16 17 18 19 20 21 22 23 24 25 26 27 28 29 30 31 32 33 34 35 36 37 38 39 40 41 42 43 44 45 46 47 48
47 32 3 4 19 24 11 13 42 7 39 33 18 25 36 35 37 44 20 34 29 14 15 22 9 1 26 40 5 41 31 45 8 43 48 38 21 49 2 17 16 30 27 6 28 12 23 46 0 10
34 30 38 41 18 44 43 4 6 12 33 39 8 31 28 42 16 45 13 2 36 15 7 21 20 11 32 29 25 27 48 17 1 0 5 26 3 19 40 10 49 9 24 22 35 46 23 37 14 47
10 18 26 19 14 45 21 33 25 30 4 28 46 12 40 0 6 22 11 9 41 42 3 13 5 44 32 47 1 20 29 36 38 37 31 48 39 43 8 15 16 2 7 27 34 23 24 49 17 35
9 7 4 2 0 1 3 5 6 8
33 15 22 40 10 8 6 4 2 3 5 7 9 11 41 23 29 32 14 44 35 17 47 34 16 46 26 28 45 38 20 13 31 1 25 19 37 43 27 21 39 42 12 30 0 24 18 36
29 14 37 39 35 27 11 6 15 44 49 34 9 38 28 18 36 13 7 20 42 19 3 16 31 4 21 48 41 0 30 1 45 40 10 12 26 17 25 32 23 46 33 22 47 24 8 5 2 43
47 43 46 45 44 42 41 40 31 27 30 29 28 26 25 24 15 11 10 13 14 8 9 12 0 1 2 4 5 6 3 7 16 17 18 20 21 22 19 23 32 33 34 36 37 38 35 39
37 33 44 30 9 39 49 23 48 6 17 34 32 8 36 16 28 27 43 47 1 11 41 29 10 2 45 0 18 22 3 20 26 19 46 38 13 31 7 5 42 15 12 21 4 25 14 24 35 40
2 25 20 4 0 13 19 5 8 15 7 23 6 10 1 9 22 12 3 18 11 16 21 14 24 17
15 3 8 5 13 9 1 12 0 4 14 6 7 2 11 10
4 3 5 13 12 11 10 9 8 7 6 2 0 1 15 14 16 17 18 19
42 30 11 41 9 16 6 34 23 47 5 4 1 43 28 33 17 13 26 40 46 7 21 2 49 25 15 39 22 29 38 44 14 37 12 35 19 48 18 20 8 32 27 31 24 0 10 36 3 45
9 12 6 4 40 33 15 37 22 5 43 20 24 31 35 46 14 34 0 39 36 25 3 32 27 17 18 29 1 49 42 28 48 26 23 13 10 16 45 38 8 47 2 7 44 21 41 30 11 19
40 9 12 16 10 17 15 11 14 13 18 19 22 26 25 27 20 24 23 28 29 32 36 30 37 35 31 34 33 38 39 2 6 0 7 5 1 4 3 8 21 42 49 41 44 48 47 43 46 45
13 24 47 37 39 14 16 30 12 21 33 23 28 0 4 1 9 6 41 48 36 35 27 31 11 49 38 2 18 8 10 29 25 26 17 22 19 34 43 15 7 20 44 5 40 42 3 45 32 46
5 9 4 6 3 0 8 7 1 2
13 19 1 2 35 38 36 42 37 49 44 46 30 41 39 48 33 31 47 0 4 3 7 6 26 10 15 12 14 5 9 8 27 11 23 16 32 17 40 18 20 29 28 43 24 45 21 34 22 25
2 0 1 3 4 5
2 12 11 1 5 6 8 9 10 4 13 14 15 0 3 7
49 0 1 2 3 4 5 6 7 8 9 10 11 12 13 14 15 16 17 18 19 20 21 22 23 24 25 26 27 28 29 30 31 32 33 34 35 36 37 38 39 40 41 42 43 44 45 46 47 48
27 28 12 49 32 5 45 21 10 46 9 13 43 22 40 11 35 19 1 30 48 15 24 17 4 0 47 31 26 18 29 16 23 14 44 34 33 36 3 2 42 25 8 20 39 6 37 7 38 41
49 10 34 0 1 33 9 32 8 31 7 30 6 29 5 28 4 27 3 26 2 25 48 11 47 12 46 13 45 14 44 15 43 16 42 17 41 18 40 19 39 20 38 21 37 22 36 23 35 24
19 20 18 16 17 15 12 10 13 7 6 4 2 3 0 1 5 8 11 9 14 21
1 37 8 4 33 13 15 17 32 29 28 10 9 44 34 31 40 20 39 24 12 36 14 27 0 18 22 16 43 2 45 41 3 46 30 6 19 23 7 35 25 49 26 42 47 21 11 5 38 48
7 39 37 18 35 36 47 17 19 16 32 31 38 6 3 4 49 42 45 12 15 11 28 29 25 23 26 22 27 21 20 24 41 40 43 2 0 1 46 48 44 14 10 13 33 30 34 8 5 9
15 14 12 24 34 26 11 8 6 5 4 3 7 0 1 2 10 37 20 17 32 29 42 47 40 46 39 22 31 35 19 18 30 38 9 36 25 43 21 33 13 44 28 16 23 45 41 27
31 28 19 16 37 7 38 34 32 14 1 15 40 6 2 41 44 0 10 18 20 29 49 3 23 30 5 4 12 45 25 35 8 9 11 36 22 42 33 24 21 39 47 48 43 17 46 26 27 13
46 40 28 23 1 41 16 6 43 22 27 39 19 12 37 3 0 25 10 45 20 14 30 2 18 21 26 11 13 4 29 38 49 24 7 8 33 32 9 31 47 48 17 36 5 34 44 15 42 35
24 48 22 46 20 44 18 42 16 40 14 38 12 36 10 34 8 32 6 30 4 28 2 26 0 25 1 27 3 29 5 31 7 33 9 35 11 37 13 39 15 41 17 43 19 45 21 47 23 49
2 0 1 3
24 45 28 3 23 26 35 31 2 6 17 44 9 12 37 5 21 36 18 22 25 33 30 7 11 14 29 15 16 43 32 27 19 13 39 49 42 8 10 47 48 34 20 4 0 38 1 46 41 40
29 15 31 28 19 8 45 44 16 40 27 24 43 3 34 9 49 4 0 38 35 32 21 23 42 25 18 1 14 20 13 26 30 37 46 11 10 33 36 2 12 5 7 47 17 48 22 6 39 41
18 22 15 31 16 11 3 26 25 35 43 45 17 46 19 29 13 41 0 2 49 1 12 39 33 4 10 47 42 23 28 48 27 9 38 44 20 8 36 30 14 24 37 5 34 32 6 40 7 21
0 1 2 3 4 5 6 7 8 9 10 11 12 13 14 15 16 17 18 19 20 21 22 23 24 25 26 27 28 29 30 31 32 33 34 35 36 37 38 39 40 41 42 43 44 45 46 47
0 29 19 20 25 8 6 15 27 26 24 28 30 31 17 18 16 5 7 4 1 3 2 14 13 12 10 9 11 21 23 22
27 11 16 2 8 29 19 36 1 13 30 48 18 45 21 38 9 32 35 34 39 31 20 33 15 6 28 37 43 24 7 4 23 26 46 42 3 49 47 22 44 17 14 5 12 41 0 25 10 40
45 13 34 3 46 32 48 28 35 33 1 43 8 10 0 42 40 20 22 5 29 2 6 47 38 4 15 19 49 9 26 25 30 24 11 18 41 39 27 36 21 37 14 12 16 44 31 17 23 7
5 39 32 4 37 19 26 23 22 7 30 34 35 33 17 12 16 3 38 21 6 14 25 13 31 1 15 24 0 36 27 9 29 18 8 28 11 2 10 20
34 19 21 14 3 32 20 31 49 35 11 39 29 18 23 10 27 2 44 13 30 22 9 15 17 43 41 46 36 24 8 16 6 38 26 47 33 37 45 25 28 1 12 48 4 5 7 0 42 40
48 39 38 30 17 16 12 11 15 19 20 24 28 27 31 35 36 40 41 42 37 29 34 26 21 13 18 10 5 6 0 4 8 7 3 2 1 9 14 22 23 25 32 33 43 47 46 45 44 49
5 7 10 12 32 4 3 31 30 17 42 41 38 16 35 23 25 18 33 20 14 48 24 19 36 45 47 28 43 27 6 22 2 49 1 39 0 26 44 11 8 9 29 40 21 34 13 46 37 15
10 40 15 49 30 12 29 45 26 27 38 46 37 47 6 5 21 7 33 43 4 16 34 0 3 44 48 9 1 19 2 8 42 13 32 14 18 11 24 23 28 36 22 39 31 20 35 41 25 17
14 32 33 12 13 21 3 23 15 16 18 43 42 40 39 38 31 30 22 49 48 47 46 44 29 11 35 20 19 5 4 28 1 34 41 0 27 2 9 10 8 45 7 6 17 37 36 24 25 26
8 27 39 0 26 3 32 33 20 22 38 10 21 43 49 1 46 48 9 37 11 31 23 19 2 40 16 41 35 25 28 6 36 4 24 13 34 15 18 29 30 5 14 42 45 12 7 17 44 47
48 47 45 43 40 38 36 35 33 31 28 26 24 23 21 19 16 14 12 11 9 7 4 2 0 1 3 5 6 8 10 13 15 17 18 20 22 25 27 29 30 32 34 37 39 41 42 44 46 49
7 46 27 11 40 29 44 36 34 1 24 39 21 16 19 4 30 20 8 10 42 33 3 37 43 41 18 17 32 45 47 2 6 26 23 38 49 31 14 12 13 5 22 35 0 48 15 9 28 25
0 1 8 20 14 23 41 17 21 7 16 48 45 19 35 11 43 34 36 30 32 25 28 40 29 13 18 33 46 31 47 4 49 10 37 38 15 12 2 6 9 42 5 27 3 24 26 39 22 44
29 43 2 26 41 38 44 35 5 37 45 30 42 13 3 12 36 7 11 6 16 32 23 15 17 19 21 9 0 8 10 33 31 22 1 18 14 4 34 47 48 46 49 40 28 20 25 27 24 39
26 6 20 12 17 9 29 41 23 0 2 24 30 28 34 7 37 31 22 25 27 45 10 11 40 32 46 48 36 47 39 38 19 18 4 21 15 33 1 8 16 3 14 43 13 42 5 35 44 49
0 1 2 3 4 5 6 7 8 49 9 10 11 12 13 14 15 16 17 18 19 20 21 22 23 24 25 26 27 28 29 30 31 32 33 34 35 36 37 38 39 40 41 42 43 44 45 46 47 48
23 21 19 17 15 13 11 9 7 5 3 0 2 1 4 6 8 10 12 14 16 18 20 22
0 2 6 5 1 4 3 7
1 9 45 24 25 4 5 2 30 29 0 47 21 26 49 33 10 38 42 48 14 36 22 12 37 7 6 13 40 46 43 15 32 28 3 23 41 44 31 17 27 20 11 18 39 34 8 19 35 16
38 39 35 36 32 33 30 31 27 28 24 25 22 23 19 20 16 17 14 15 11 12 8 9 2 1 0 4 3 7 6 5 10 18 13 21 26 34 29 37 42 41 40 44 43 47 46 45
48 46 44 42 40 38 36 34 32 30 28 26 24 22 20 18 16 14 12 10 8 6 4 2 0 1 3 5 7 9 11 13 15 17 19 21 23 25 27 29 31 33 35 37 39 41 43 45 47 49
30 16 33 2 22 44 7 25 23 5 14 6 18 40 41 38 27 0 42 34 29 35 48 4 20 26 39 12 19 36 43 45 3 10 1 32 47 21 31 49 46 17 24 13 11 8 9 15 28 37
39 6 28 31 27 10 16 29 32 23 30 9 25 37 34 12 21 40 44 42 36 26 1 4 22 20 7 47 48 11 0 49 13 3 15 8 24 35 14 18 19 45 2 17 33 38 41 46 5 43
33 45 5 26 24 10 30 37 38 23 27 3 6 0 2 1 12 19 36 20 43 42 44 14 47 32 17 39 25 29 13 21 11 35 34 22 7 8 28 16 18 41 4 31 46 15 9 40
16 14 24 31 29 26 36 33 8 25 48 42 4 41 15 1 46 21 43 0 32 35 17 37 45 12 30 39 11 7 34 10 23 13 38 40 28 18 2 49 22 20 3 6 9 47 5 27 44 19
3 12 34 11 48 22 23 1 49 5 10 44 19 13 7 39 15 31 45 14 8 42 47 30 35 32 36 26 37 29 43 41 9 40 46 6 24 21 27 20 25 18 0 33 17 4 28 2 16 38
39 49 35 40 38 26 18 24 4 9 15 12 0 30 23 25 29 36 20 48 27 14 10 41 34 31 21 22 46 42 6 13 16 17 11 47 7 28 5 19 33 3 1 8 45 44 32 43 2 37
23 16 8 17 19 21 14 7 6 5 0 1 3 4 28 26 13 11 9 2 29 27 25 18 20 22 15 10 24 12
24 38 35 48 0 12 36 14 26 29 41 10 5 15 30 31 44 40 4 6 3 8 43 19 47 17 39 2 21 9 42 13 16 22 28 46 45 11 20 33 1 27 49 25 34 32 7 23 18 37
42 20 28 46 18 24 33 10 47 45 40 39 35 23 11 4 3 2 1 7 26 5 12 14 41 0 29 48 32 15 27 36 17 6 25 22 34 49 19 8 43 44 38 37 21 31 30 16 13 9
2 0 1 3
13 12 14 16 15 17 18 20 19 4 5 3 2 0 1 10 11 9 8 7 6 46 45 47 37 36 38 39 40 41 42 43 44 34 35 33 32 31 30 29 27 28 25 26 24 23 22 21
4 9 18 10 19 5 8 15 12 17 3 1 2 14 7 0 6 11 16 13
13 12 25 24 23 8 7 6 19 18 17 2 0 1 14 15 16 3 4 5 20 21 22 9 10 11 26 27
5 49 39 44 45 13 35 21 26 40 30 48 8 33 32 14 38 9 19 34 27 12 29 4 10 41 6 43 11 46 1 0 25 24 2 28 17 15 22 3 42 36 37 7 23 20 47 16 31 18
27 48 20 11 31 45 13 30 18 9 44 2 8 24 5 1 49 10 0 22 40 29 38 15 26 17 36 47 37 7 39 43 25 42 34 14 41 19 3 12 35 16 46 32 28 23 6 4 21 33
3 1 2 9 4 6 5 8 7 0
31 11 43 13 18 28 17 39 44 40 48 36 2 21 23 35 1 10 0 6 27 46 26 12 8 41 37 42 4 9 22 34 15 32 30 47 33 19 24 38 20 45 3 5 29 25 14 16 7 49
33 23 13 31 22 44 39 6 32 34 20 30 29 24 14 42 7 16 9 28 25 49 2 8 40 15 19 5 45 0 43 11 35 47 41 3 17 4 27 48 46 36 38 21 18 26 1 37 12 10
21 23 20 28 24 29 46 45 44 3 5 0 31 34 33 15 13 14 22 19 18 17 16 12 8 11 6 2 1 4 47 43 42 41 37 39 10 7 9 25 27 26 30 35 32 36 38 40
31 45 35 15 18 40 14 16 36 8 32 11 38 3 22 30 6 26 28 1 12 0 47 9 19 42 2 4 33 48 13 21 49 25 20 39 5 24 41 37 17 23 29 7 44 10 27 46 34 43
4 2 0 1 3 5
47 46 45 2 41 40 39 37 38 0 3 4 5 6 7 8 9 10 11 12 13 14 15 16 17 18 19 20 21 22 23 24 25 26 27 28 29 30 31 32 33 34 35 36 49 48 1 42 43 44
19 21 16 4 17 25 12 37 40 35 3 26 23 20 24 13 38 15 31 6 32 14 11 10 36 9 39 18 5 29 42 22 0 30 7 1 8 34 43 45 27 28 2 44 41 33
