33 41 25 1 27 4 13 32 16 23 22 34 35 43 28 7 47 39 15 31 29 40 48 19 44 9 37 26 11 20 24 42 2 45 14 12 30 17 5 21 10 0 46 8 18 6 36 49 3 38
49 24 47 22 45 20 43 18 41 16 39 14 37 12 35 10 33 8 31 6 29 4 27 2 25 0 1 26 3 28 5 30 7 32 9 34 11 36 13 38 15 40 17 42 19 44 21 46 23 48
41 9 39 20 48 8 37 11 28 4 29 21 38 14 33 19 47 17 36 25 45 18 31 24 30 2 43 22 49 10 32 7 35 12 34 23 46 5 27 1 26 3 0 13 40 16 42 6 44 15
13 3 27 17 28 29 37 24 14 10 18 35 42 25 44 47 16 12 30 7 34 21 22 19 41 6 31 20 11 4 32 43 38 45 36 1 5 0 23 9 26 40 39 46 15 33 48 2 8 49
36 49 21 9 7 11 15 12 41 20 47 30 34 0 5 26 10 19 16 3 23 31 39 14 6 43 2 35 27 42 29 24 1 38 32 17 8 44 40 37 28 45 25 4 33 18 46 48 22 13
14 11 2 7 9 10 8 1 0 5 13 15 12 6 3 4
37 36 48 3 47 44 46 15 5 18 39 29 33 14 20 28 41 40 24 17 42 31 45 8 6 26 4 27 0 21 19 32 13 25 38 10 30 11 16 1 49 34 43 7 9 2 35 12 23 22
3 36 11 16 18 23 32 41 24 0 20 6 14 12 2 8 17 44 21 39 47 10 37 25 49 1 46 38 19 9 27 5 48 22 33 13 42 4 28 15 35 31 7 43 26 30 29 34 40 45
2 3 4 5 6 7 8 9 10 11 12 13 14 15 16 17 18 19 20 21 22 23 24 25 26 27 28 0 1 29
46 45 47 36 43 27 31 30 33 21 23 22 25 16 17 14 12 10 9 7 4 2 0 1 3 5 6 8 11 13 15 24 20 34 29 38 35 39 26 40 32 41 37 44 42 48 19 18 28 49
6 4 1 0 3 2 5 7
2 14 3 13 6 42 49 5 33 45 44 37 19 20 11 30 36 9 18 4 35 7 28 34 27 1 25 41 12 10 32 31 22 17 26 0 40 39 21 38 46 8 47 29 48 16 23 24 15 43
33 10 39 15 32 26 18 8 38 49 28 12 13 40 23 17 9 36 47 16 27 19 14 30 4 48 20 25 3 34 45 29 24 1 31 5 44 22 35 7 46 11 0 21 42 37 2 43 41 6
9 20 39 30 34 7 17 19 46 36 3 37 33 21 5 16 6 11 28 26 29 48 22 47 25 43 44 12 4 27 45 2 23 14 8 41 24 35 1 10 18 31 40 15 42 13 49 38 32 0
10 19 7 46 17 37 11 31 8 0 18 6 41 40 13 43 26 12 42 1 3 4 14 38 21 9 47 20 33 16 34 23 45 44 5 48 30 22 29 24 27 28 39 36 35 49 15 25 32 2
30 26 43 7 32 23 15 34 12 16 41 18 35 37 42 9 25 0 20 45 36 27 8 33 47 39 6 3 2 31 28 44 22 13 4 29 38 49 24 1 40 19 17 21 48 5 11 46 10 14
45 5 48 33 13 1 14 31 2 35 39 7 40 47 19 12 38 27 10 20 0 3 46 28 9 24 11 29 22 15 34 26 6 49 8 41 18 23 4 21 42 17 32 16 44 43 36 37 25 30
29 28 27 23 22 38 45 44 43 39 40 41 42 34 33 32 31 35 36 37 30 18 17 16 15 19 20 21 14 6 13 12 11 7 8 9 10 2 1 0 47 3 4 5 46 26 25 24
3 2 4 1 5 0
37 17 28 19 46 39 12 29 0 5 30 22 11 32 21 41 8 10 42 27 38 49 48 9 14 31 47 6 15 33 44 43 18 25 34 20 40 13 4 7 36 3 2 26 1 35 23 45 24 16
24 31 28 8 1 22 49 12 10 44 47 36 16 46 35 42 15 45 14 34 27 20 30 41 18 6 48 29 37 7 21 0 32 5 17 39 4 11 9 40 25 2 13 43 33 23 38 19 26 3
23 22 4 25 37 19 26 36 7 10 12 21 39 20 27 18 35 17 3 9 15 2 41 28 13 14 30 24 6 29 38 0 40 43 1 11 16 31 5 33 42 34 32 8
0 1 2 3 4 5 6 7 8 9 10 11 12 13 14 15 16 17 18 19 20 21 22 23 24 25 26 27 28 29 30 31 32 33 34 35 36 37 38 39 40 41 42 43 44 45 46 47 48 49
1 24 4 6 0 3 16 12 13 19 17 21 20 11 5 14 23 25 8 18 10 7 2 15 9 22
6 8 14 7 5 19 0 2 16 1 17 15 10 4 12 11 9 13 18 3
9 13 33 10 49 6 42 2 31 35 22 0 39 18 34 48 28 7 37 32 15 19 24 17 36 14 25 4 41 45 11 20 16 38 26 1 12 27 43 8 40 46 3 44 30 21 47 29 5 23
11 30 32 24 13 16 22 38 18 49 34 29 37 41 20 36 33 40 3 15 43 14 45 9 21 0 28 10 23 19 6 44 31 2 26 12 1 39 17 25 5 8 47 48 4 7 42 46 27 35
29 35 32 1 30 10 46 47 23 38 26 8 27 12 13 34 37 20 44 42 24 33 31 22 41 9 6 7 28 14 25 16 4 17 0 48 15 40 5 36 43 45 2 19 39 3 21 11 18 49
26 6 49 47 42 15 38 40 12 31 34 17 22 3 35 1 2 33 10 36 19 20 43 5 30 44 13 32 27 11 48 16 24 4 37 21 46 7 41 0 9 28 23 18 39 14 29 8 45 25
3 4 2 38 1 33 22 49 36 48 10 21 13 19 28 32 44 18 26 37 11 30 15 29 5 23 7 24 35 16 8 12 17 45 40 6 41 46 14 9 0 25 31 43 39 47 27 20 42 34
46 22 29 31 2 15 6 5 39 1 38 26 23 19 17 9 48 35 13 8 30 20 3 0 16 47 27 40 21 37 34 7 12 49 10 33 11 36 28 4 18 14 25 41 44 42 24 43 32 45
33 32 35 36 39 38 37 29 21 10 18 13 26 34 42 41 40 43 44 47 46 45 2 1 0 3 5 6 7 4 9 8 11 12 15 14 17 16 19 20 23 22 25 24 27 28 31 30
2 13 37 48 6 49 1 45 7 30 36 18 17 10 16 31 4 43 12 21 41 42 9 34 11 29 25 40 15 24 38 32 44 19 46 14 26 5 39 20 23 0 3 28 27 22 8 35 33 47
41 30 49 34 42 31 46 21 26 27 19 47 11 36 38 4 45 29 10 22 8 18 37 17 13 0 40 6 25 7 1 16 2 9 35 5 32 3 43 24 23 14 39 44 15 12 33 48 28 20
36 2 21 43 26 4 33 0 29 48 38 10 7 3 15 20 27 47 9 30 45 18 42 49 6 25 14 31 40 39 12 46 17 32 8 22 23 41 13 24 5 44 19 28 34 1 11 35 16 37
38 39 35 36 32 33 28 24 25 30 31 27 22 23 19 20 16 17 12 8 9 14 15 11 2 1 0 4 3 7 6 5 10 18 13 21 26 34 29 37 42 43 47 46 41 40 44 45
11 7 6 5 10 14 13 0 12 4 2 9 3 8 1 37 22 20 43 44 31 42 35 28 40 49 17 39 47 18 26 24 33 30 25 34 15 27 38 32 19 36 16 21 46 48 29 23 41 45
29 9 0 1 2 3 4 6 5 7 8 20 21 22 23 24 26 25 27 28 11 10 17 18 19 14 13 12 15 16
0 9 13 39 43 49 17 23 21 44 30 46 10 24 15 34 35 41 1 3 19 28 45 40 22 12 11 38 26 25 7 8 20 31 29 42 16 6 18 36 32 47 2 4 14 48 27 37 5 33
26 28 11 41 17 18 27 24 38 39 9 25 23 5 31 37 16 22 42 15 32 40 2 0 3 10 8 46 45 35 6 20 49 13 21 12 7 47 4 1 43 14 33 29 19 34 44 48 30 36
32 46 40 41 34 24 16 19 0 48 18 27 22 31 43 10 45 33 35 12 17 9 29 4 11 47 15 6 7 23 25 20 37 5 13 2 3 21 1 26 42 8 39 36 14 30 49 28 38 44
17 39 43 33 46 20 2 32 29 23 3 14 48 4 16 30 22 27 7 42 9 44 38 24 1 11 37 13 10 5 0 21 28 36 45 19 15 47 41 8 35 34 6 18 12 40 25 49 31 26
44 4 25 6 32 17 8 3 34 46 22 14 38 48 21 49 37 15 31 2 18 33 16 9 0 1 5 10 11 28 39 45 13 43 23 26 12 20 24 47 27 40 7 35 36 41 30 19 29 42
1 0 4 7 9 6 2 5 3 8
18 15 19 32 31 36 8 4 7 33 30 39 6 3 5 27 28 25 24 26 22 29 21 20 23 44 41 46 2 0 1 43 40 42 16 10 11 49 48 45 13 12 14 34 35 37 9 17 47 38
35 43 19 21 0 13 17 23 7 5 34 22 45 46 44 32 18 1 8 11 41 14 3 20 27 40 28 15 4 10 38 37 30 29 31 49 42 24 47 2 48 12 33 26 25 36 39 6 16 9
32 27 16 22 14 2 1 6 30 8 43 41 3 25 24 4 15 13 44 48 9 5 35 42 49 17 28 39 18 0 31 21 7 29 45 46 33 12 23 38 19 20 40 36 11 47 34 26 37 10
14 13 15 16 17 12 11 33 5 44 0 29 6 8 27 30 24 46 40 4 9 32 42 21 28 26 10 34 2 37 18 3 23 39 22 19 25 43 48 49 47 35 7 45 41 1 31 36 20 38
6 49 0 47 39 26 14 16 41 23 38 36 46 24 29 43 31 12 32 17 8 27 9 30 28 40 22 21 33 20 4 48 2 19 5 34 10 25 37 1 3 42 15 44 7 18 13 35 45 11
20 13 8 17 14 33 16 1 18 42 7 27 2 46 40 25 15 44 28 11 37 29 47 35 30 19 22 26 38 31 48 41 0 3 10 21 45 5 39 4 6 9 34 36 24 43 32 49 23 12
30 42 49 13 1 45 43 27 15 33 40 14 24 19 5 34 37 48 35 11 28 31 17 16 32 18 25 7 21 8 38 10 39 2 46 44 4 3 20 9 26 0 22 23 12 47 36 6 29 41
25 12 49 47 19 20 32 46 17 41 43 31 18 10 42 36 34 9 30 16 45 26 48 29 1 38 13 5 11 8 37 0 14 22 15 28 40 21 33 23 3 27 35 7 39 6 24 4 44 2
8 12 37 41 15 44 32 43 48 21 0 13 25 16 11 9 29 49 2 28 34 45 47 24 38 35 3 14 31 1 46 20 42 30 4 10 18 7 23 19 17 40 22 6 39 36 33 26 5 27
2 3 7 1 11 17 5 19 12 10 14 18 21 4 0 6 16 15 8 20 13 9
38 39 35 36 32 33 30 31 27 28 24 25 22 23 19 20 16 17 14 15 11 12 8 9 2 1 0 4 3 7 6 5 10 18 13 21 26 34 29 37 42 41 40 44 43 47 46 45
37 1 28 20 13 22 9 12 25 45 40 47 43 35 31 44 48 15 32 16 17 3 24 33 21 18 14 5 19 23 42 39 26 36 29 38 2 27 6 34 0 8 10 30 49 11 4 41 7 46
3 2 0 1
7 9 5 6 0 8 1 3 2 4
15 16 17 13 14 27 23 24 25 26 4 3 7 6 5 0 1 2 8 9 10 11 12 18 19 20 21 22 28 29 30 31 32 38 39 40 41 42 48 49 47 43 44 45 46 37 33 34 35 36
4 25 2 30 37 34 40 46 49 20 43 18 29 44 3 47 26 13 14 12 28 17 5 11 42 48 0 27 33 31 23 45 36 35 19 24 21 15 9 38 10 41 32 1 22 16 39 7 6 8
24 46 39 40 43 5 32 35 44 0 30 2 12 20 31 9 14 22 34 10 19 3 16 4 1 33 25 11 6 45 23 27 21 17 8 41 7 42 28 13 47 36 26 15 37 38 18 49 48 29
24 48 47 46 19 18 21 45 44 43 17 16 14 36 35 34 7 6 9 33 32 31 2 0 1 25 26 27 3 4 5 29 28 30 8 10 11 37 38 39 15 12 13 40 41 42 20 22 23 49
9 1 17 0 10 43 16 14 45 49 21 33 46 28 26 47 32 15 41 11 22 39 12 36 38 2 18 31 37 23 7 25 3 5 8 4 34 35 44 13 20 30 6 48 27 40 42 24 29 19
2 0 1 3
18 28 26 23 49 2 41 8 14 37 25 32 12 31 19 42 3 30 13 46 20 22 45 34 21 9 5 47 4 48 27 44 16 0 33 38 6 40 35 10 11 7 29 43 15 36 39 24 17 1
38 39 40 41 49 48 47 46 45 0 1 2 3 4 5 6 7 8 9 10 11 12 13 14 15 16 17 18 19 20 21 22 23 24 25 30 29 28 27 26 35 36 37 42 43 44 32 33 34 31
15 5 12 18 20 19 23 0 33 25 17 30 8 21 22 13 26 29 35 37 6 11 27 4 34 31 10 2 3 14 16 24 38 1 9 39 36 7 32 28
48 47 45 43 40 38 36 35 33 31 28 26 24 23 21 19 16 14 12 11 9 7 4 0 2 1 3 5 6 8 10 13 15 17 18 20 22 25 27 29 30 32 34 37 39 41 42 44 46 49
48 12 49 43 29 42 4 38 32 30 31 23 46 0 37 9 44 17 14 8 10 22 16 35 11 5 3 20 13 40 21 28 6 19 26 15 27 41 24 34 18 1 7 47 33 36 25 45 2 39
43 32 34 49 48 35 17 27 23 24 36 22 29 20 11 31 9 14 21 16 0 7 10 12 2 3 1 15 4 19 6 5 26 8 13 18 25 28 30 33 45 39 47 41 40 37 44 46 42 38
3 5 0 8 2 7 4 1 6 9
32 28 29 20 16 12 13 21 22 23 27 26 25 17 9 10 11 7 6 5 4 2 0 1 49 3 8 14 15 19 18 24 30 31 35 34 33 40 36 37 38 39 43 42 41 48 44 45 46 47
5 33 26 44 31 11 30 35 45 28 49 4 38 7 40 41 18 23 15 36 24 29 14 20 2 42 12 9 3 17 21 13 46 16 27 37 22 8 32 10 48 1 25 0 43 47 34 19 6 39
38 39 35 36 32 33 30 31 27 28 24 25 22 23 19 20 16 17 14 15 11 12 8 9 2 1 0 4 3 7 6 5 10 18 13 21 26 34 29 37 42 41 40 44 43 47 46 45
9 6 4 5 17 1 16 15 13 7 12 0 2 3 8 14 11 10
21 2 25 9 6 19 16 3 18 15 13 7 26 24 1 0 27 10 4 20 17 23 8 5 11 12 14 22
9 19 7 28 11 15 16 8 23 5 26 33 32 6 17 22 1 3 25 4 36 12 35 18 39 34 13 20 2 14 21 24 37 27 30 10 29 38 0 31
16 42 32 13 15 48 36 22 30 20 31 34 27 5 37 29 6 45 10 11 23 9 35 19 7 38 46 2 39 47 21 12 44 1 24 0 33 41 43 3 4 40 17 8 25 14 26 18 28 49
8 46 35 23 32 36 7 14 39 40 22 27 19 1 5 17 30 38 18 41 25 26 16 48 6 28 15 47 24 44 0 20 10 31 13 37 45 2 9 33 34 4 29 12 11 21 3 43 49 42
48 47 45 43 40 38 36 35 33 31 28 26 24 23 21 19 16 14 12 11 9 7 4 2 0 1 3 5 6 8 10 13 15 17 18 20 22 25 27 29 30 32 34 37 39 41 42 44 46 49
18 19 22 28 46 32 13 11 15 43 44 25 8 12 0 49 47 38 20 5 1 42 35 41 6 9 4 39 31 30 16 2 10 26 48 36 7 24 17 34 33 37 14 21 3 40 29 27 23 45
45 35 40 6 3 39 9 13 25 41 7 27 1 14 4 38 0 29 49 18 36 2 34 12 11 42 20 22 28 8 23 48 37 17 47 16 15 26 19 43 32 24 21 44 33 31 10 30 46 5
26 2 48 49 32 38 0 25 16 31 21 29 24 33 19 45 20 23 9 17 8 47 3 43 28 39 1 11 10 13 5 27 12 35 37 6 34 4 41 18 44 42 15 14 46 36 7 22 30 40
6 29 42 45 11 8 7 38 21 12 5 43 16 28 32 31 2 15 0 27 39 10 46 37 9 33 18 24 40 30 34 17 4 14 26 41 20 49 1 13 36 44 3 25 22 47 48 23 19 35
46 26 14 12 43 45 39 33 16 31 25 32 37 38 27 41 11 49 47 17 34 40 24 28 1 48 9 13 22 44 21 36 18 2 20 42 6 10 3 0 35 4 8 23 29 15 7 5 19 30
28 26 24 23 21 19 16 14 12 11 9 7 4 2 0 1 3 5 6 8 10 13 15 17 18 20 22 25 27 29
36 37 34 33 31 35 30 24 23 27 26 25 21 20 16 17 13 14 11 15 10 44 43 47 46 45 40 41 0 48 42 39 38 32 29 28 22 19 18 12 9 8 2 1 5 6 7 3 4 49
27 10 45 46 38 9 17 35 40 1 31 14 28 49 22 37 2 43 32 24 20 5 18 15 0 30 4 42 7 36 21 41 19 12 25 11 8 3 39 44 26 13 34 48 6 47 29 16 33 23
3 2 0 5 4 1
42 12 32 46 18 47 40 20 34 2 48 24 44 22 23 30 41 38 8 9 4 49 17 35 33 13 11 7 21 1 5 37 26 39 15 3 36 14 25 27 45 19 6 31 29 28 43 0 10 16
11 27 4 10 16 7 13 2 37 49 24 39 28 45 21 41 42 35 48 22 20 30 1 38 36 6 3 25 32 17 26 14 0 40 12 5 47 15 34 18 31 44 46 9 19 8 29 23 43 33
31 10 12 24 6 18 5 2 1 14 29 11 0 16 25 3 4 8 7 26 21 19 13 20 23 22 30 28 15 17 27 9
30 41 39 44 14 33 49 24 12 36 47 43 29 38 48 46 13 8 35 15 28 45 17 5 37 0 18 26 40 10 3 34 11 7 25 31 4 16 42 21 19 20 1 6 23 32 2 22 9 27
6 3 7 5 4 0 1 2
18 8 11 28 42 10 25 4 12 40 16 44 41 45 15 1 46 7 49 37 27 21 23 20 2 9 30 0 19 39 3 32 26 34 36 22 17 6 14 5 24 48 35 47 31 38 13 29 33 43
26 48 29 5 15 28 45 7 42 16 49 37 43 4 6 31 23 35 46 0 38 2 1 34 44 20 11 25 3 18 9 32 13 19 14 40 33 22 21 41 24 10 12 47 8 39 36 17 30 27
28 29 43 33 49 24 38 19 3 22 0 7 18 39 20 30 48 8 44 5 17 34 4 27 16 2 32 10 6 37 36 46 12 31 15 45 35 26 23 42 9 13 25 1 47 11 41 40 14 21
17 6 16 11 48 0 22 14 35 23 2 24 42 28 4 13 44 8 39 9 27 25 18 41 19 45 1 10 21 15 34 37 31 32 12 20 49 36 30 29 3 26 38 33 40 43 5 7 47 46
10 15 14 5 6 7 8 1 2 3 11 12 13 0 4 9
0 6 3 8 1 9 5 4 7 2
3 4 5 0 1 2 7 6
8 9 4 0 1 5 3 2 6 7
6 5 25 46 14 19 27 37 29 42 28 21 40 8 20 7 1 4 18 23 45 33 31 41 11 47 16 43 12 0 22 38 2 24 9 13 15 26 3 34 36 44 39 30 10 32 35 17
3 35 8 39 1 36 0 25 42 48 23 2 12 22 11 45 21 37 5 26 29 24 30 47 18 27 41 4 15 6 40 44 17 7 33 14 34 31 43 38 19 20 32 10 9 49 13 46 28 16
49 48 47 43 45 42 40 38 36 34 32 30 28 26 24 22 20 18 16 14 12 10 8 6 4 2 0 1 3 5 7 9 11 13 15 17 19 21 23 25 27 29 31 33 35 37 39 41 44 46
21 18 46 7 10 44 47 39 34 16 1 3 38 29 14 5 25 20 0 19 11 6 12 42 43 8 41 28 37 30 17 13 36 22 9 4 26 27 31 2 45 32 23 15 24 40 49 48 33 35
18 10 20 35 28 3 33 8 9 47 2 34 46 5 31 29 0 6 40 13 27 43 36 7 4 11 21 16 23 30 39 45 26 17 24 32 14 19 49 12 42 38 1 37 44 15 48 22 25 41
46 27 11 29 25 44 6 41 21 13 10 17 22 15 35 0 26 42 43 28 16 49 20 7 37 9 12 47 31 45 32 30 8 3 34 38 4 33 2 5 19 18 40 36 1 39 24 14 48 23
3 7 15 13 9 1 2 21 18 12 5 10 4 11 14 20 0 8 6 16 17 19
27 22 21 24 28 25 23 26 20 0 5 3 2 1 6 4 8 7 9 29 10 12 14 15 16 11 18 13 17 19 44 40 46 41 43 47 42 49 48 45 31 35 38 30 39 37 36 32 34 33
3 4 0 5 1 2
14 15 12 11 8 9 2 1 0 3 4 7 6 5 10 18 13 21 22 23 20 19 16 17
6 2 14 3 9 4 40 18 46 5 10 0 11 1 8 7 17 16 19 12 32 24 25 22 30 31 26 33 35 29 34 20 23 13 49 48 42 47 37 45 43 44 36 41 28 39 38 21 27 15
22 21 19 43 42 40 14 13 11 35 34 32 45 31 30 48 41 37 33 28 27 26 29 49 25 24 0 4 1 2 3 8 12 16 23 5 6 20 7 9 10 36 38 39 15 17 18 44 46 47
14 36 39 16 38 23 12 20 17 28 9 31 10 15 34 43 6 32 7 0 4 2 29 1 47 18 25 41 8 49 44 46 19 27 11 48 3 33 26 5 45 30 13 21 24 37 42 35 40 22
5 0 27 20 28 4 23 36 41 49 10 8 32 22 46 29 43 24 11 40 16 38 9 14 31 2 7 42 3 45 47 19 15 35 21 25 34 33 44 12 17 6 30 26 18 1 39 13 37 48
7 0 8 9 16 10 2 3 4 17 12 6 15 1 18 19 11 14 13 5
46 21 16 44 2 41 33 12 40 37 39 22 43 42 36 34 31 30 26 18 17 13 10 5 1 0 23 32 7 6 14 15 11 3 8 19 20 47 27 28 4 25 38 24 9 29 35 45
37 10 9 28 13 25 34 7 36 5 40 15 0 3 24 38 2 22 4 30 8 31 1 35 39 23 43 11 32 44 41 49 14 21 18 20 27 6 26 16 42 17 48 12 45 19 29 46 33 47
22 9 36 31 29 15 17 35 28 10 27 44 24 49 3 30 13 41 48 14 33 45 38 40 12 26 6 23 34 20 46 47 4 42 21 19 32 18 1 43 0 37 8 25 39 5 2 16 11 7
38 41 25 10 15 12 9 43 37 1 48 31 6 19 35 32 29 40 13 26 49 14 3 18 36 2 27 4 23 7 30 21 8 45 33 22 16 0 46 5 24 44 17 28 42 20 39 47 34 11
36 14 33 16 18 38 23 20 17 35 30 34 9 5 37 31 12 0 3 4 15 1 10 6 8 26 7 24 28 2 27 22 13 19 25 11 32 29 21 39
14 44 19 40 41 43 37 34 6 32 11 45 46 12 47 7 21 17 20 0 30 10 18 23 49 3 8 24 29 35 36 33 25 48 5 15 39 2 4 9 28 27 38 26 22 13 16 1 31 42
26 27 28 33 5 20 25 41 7 40 8 2 19 36 23 31 6 48 42 32 3 18 13 15 29 10 4 21 39 46 45 11 38 1 12 47 16 49 0 35 30 24 9 44 37 22 43 17 34 14
9 20 39 30 34 7 17 19 46 36 3 37 33 21 5 16 6 11 28 26 29 48 22 47 25 43 44 12 4 27 45 2 23 14 8 41 24 35 1 10 18 31 40 15 42 13 49 38 32 0
45 32 20 36 19 25 5 12 10 18 49 47 1 6 42 34 9 35 33 24 28 48 31 29 7 22 0 2 39 41 3 44 14 8 11 23 13 26 40 4 15 27 37 16 46 38 17 21 43 30
0 4 19 17 16 33 13 14 9 26 37 46 29 7 47 49 45 36 44 39 1 35 5 8 11 28 10 3 2 41 6 24 20 18 23 27 32 34 25 48 42 21 15 38 40 43 30 31 22 12
39 38 37 33 34 35 31 30 29 25 26 27 23 22 21 17 18 19 15 14 13 9 10 11 0 7 6 5 1 2 3 4 8 12 16 20 24 28 32 36 40 44 43 42 41 45 46 47
36 5 22 30 23 14 41 28 17 39 44 0 32 43 40 2 45 27 18 33 49 6 25 46 48 16 7 34 38 19 31 20 4 12 37 47 3 1 35 42 21 13 9 26 11 15 10 29 8 24
26 35 8 34 17 40 9 48 28 16 32 41 7 15 49 5 19 23 14 3 27 12 1 45 21 24 29 0 2 22 38 6 20 46 47 13 18 11 44 36 39 10 25 4 37 30 43 33 42 31
21 22 6 32 46 49 37 31 24 42 43 36 45 27 13 35 20 9 7 2 12 18 34 8 39 3 28 40 30 4 1 15 11 26 17 41 44 14 23 38 33 16 5 48 47 10 25 19 0 29
24 42 40 14 21 25 1 45 15 3 8 46 35 16 38 7 27 23 44 18 39 12 49 41 10 26 47 17 31 29 19 6 4 37 20 36 0 30 48 22 33 32 28 2 34 11 13 9 5 43
5 3 8 10 15 19 4 2 9 18 13 11 0 7 1 16 14 6 12 17
46 45 44 21 43 42 41 20 19 18 40 39 38 17 16 15 37 36 35 14 13 12 34 33 32 11 10 9 31 30 29 8 7 6 28 27 26 5 4 3 47 48 49 0 1 2 25 24 23 22
12 20 19 31 9 8 7 44 45 10 11 18 49 48 47 1 2 3 46 40 39 4 5 21 27 26 25 13 38 42 37 22 23 24 28 29 30 14 15 33 32 43 16 17 6 34 35 36 0 41
36 43 31 39 16 38 45 5 10 44 25 18 14 3 1 7 2 13 23 47 21 49 9 26 34 11 8 0 33 22 6 32 37 19 30 24 4 35 41 28 27 42 29 20 46 15 17 12 48 40
24 48 47 46 19 18 21 45 44 43 17 16 14 36 35 34 7 6 9 33 32 31 2 0 1 25 26 27 3 4 5 29 28 30 8 10 11 37 38 39 15 12 13 40 41 42 20 22 23 49
37 40 34 24 31 15 16 29 43 20 19 26 8 22 7 11 23 42 13 41 9 14 47 30 27 18 10 0 6 17 25 45 48 12 4 36 21 2 49 39 38 5 3 1 46 44 28 35 33 32
3 43 0 7 39 30 20 38 21 48 15 35 40 11 47 16 31 6 45 2 36 19 33 10 41 1 37 5 17 27 13 26 42 46 9 23 29 32 4 34 14 25 24 22 49 8 18 44 12 28
48 49 24 44 42 45 20 31 19 18 17 37 12 30 11 10 9 29 4 3 2 25 0 13 1 26 38 27 5 6 7 28 8 33 14 15 16 41 21 32 34 35 22 36 39 40 23 43 46 47
24 21 22 26 27 23 25 28 20 3 1 0 8 4 5 6 2 9 7 29 12 11 15 10 14 18 19 17 13 16 43 42 40 49 46 48 44 41 45 47 34 36 39 33 35 32 30 31 37 38
27 34 26 38 46 28 19 49 24 21 8 5 43 13 29 32 9 25 48 40 22 17 44 30 1 23 37 33 18 41 7 14 16 12 35 4 15 2 47 31 0 3 11 39 10 42 45 6 20 36
15 16 34 29 35 14 28 0 49 48 7 47 44 6 23 22 38 1 12 45 39 42 37 30 36 26 46 9 43 20 24 19 4 41 10 40 25 27 17 8 2 33 13 3 31 5 18 21 11 32
7 13 14 5 12 0 10 9 4 1 11 15 6 8 2 3
38 25 15 16 1 47 2 13 44 39 29 37 35 5 19 11 8 36 42 6 21 4 30 33 18 27 10 31 41 9 20 49 43 3 23 17 28 40 32 14 26 22 24 48 7 34 45 0 12 46
20 42 17 3 40 21 33 38 45 26 13 15 8 5 10 37 29 48 19 32 41 11 0 18 14 16 34 46 9 6 2 47 35 39 7 25 36 23 12 28 31 44 27 43 1 22 4 24 49 30
27 19 48 21 14 40 26 42 35 36 1 44 37 47 22 17 41 45 38 28 7 18 9 5 8 29 12 3 15 31 24 23 46 6 25 10 4 39 43 13 0 30 32 49 34 20 2 11 16 33
7 15 4 26 33 31 12 14 2 35 25 32 18 9 3 20 21 24 6 16 0 39 29 38 1 8 17 30 27 34 19 11 13 37 36 22 10 5 23 28
47 14 23 32 2 4 8 39 21 9 33 36 34 17 18 38 5 16 35 1 10 43 24 7 40 45 44 30 12 15 13 28 42 31 20 46 22 41 48 6 0 11 37 27 3 29 49 26 25 19
12 8 2 45 13 49 17 41 36 38 15 47 6 37 7 29 31 24 0 43 28 4 34 40 1 44 21 11 30 26 18 9 16 39 46 5 3 27 20 35 25 14 19 10 42 23 22 32 48 33
48 34 36 45 40 38 31 39 44 41 37 32 49 0 1 2 3 4 5 6 7 8 9 10 11 12 13 14 15 16 17 18 19 20 21 22 23 24 25 26 27 28 29 30 43 33 46 42 47 35
48 14 42 11 18 29 0 3 13 33 5 37 25 1 10 46 39 32 23 16 22 17 27 44 4 7 21 6 34 43 49 35 47 2 20 15 12 45 36 30 24 40 38 8 31 19 41 26 9 28
1 7 48 22 6 38 35 18 20 26 40 14 21 37 10 9 19 30 15 46 44 29 23 8 4 31 47 17 43 41 0 27 5 25 36 39 12 45 11 49 3 16 2 28 32 34 24 42 33 13
10 9 4 7 3 2 11 0 6 8 1 5
43 9 25 30 32 40 26 45 23 21 44 48 24 13 17 46 31 0 29 1 5 34 2 7 28 11 27 15 42 36 12 37 10 4 35 8 3 19 39 47 41 20 16 14 6 18 33 49 38 22
41 15 40 7 2 13 25 6 39 8 3 1 23 28 10 46 35 33 24 18 0 19 26 44 47 5 42 9 48 27 22 32 43 16 20 37 11 29 31 12 14 4 49 30 36 17 21 45 38 34
45 31 36 1 43 0 22 20 10 21 42 49 16 4 25 3 34 14 47 41 8 39 11 28 29 18 30 40 15 44 26 5 32 19 7 38 17 46 13 27 6 9 2 33 48 12 23 24 35 37
21 4 17 13 22 2 3 10 5 9 0 18 19 16 6 1 11 8 20 23 12 7 15 14
34 3 12 31 14 9 33 10 23 8 43 35 5 42 32 44 4 46 19 36 13 28 11 2 45 0 21 20 27 24 22 6 18 30 39 17 25 29 26 40 38 1 47 41 15 37 16 7
43 40 39 38 41 36 37 34 33 32 35 30 31 28 27 26 19 16 17 14 13 10 11 8 5 7 4 3 2 1 0 22 25 24 18 9 15 6 12 21 20 23 29 42 47 44 45 46
42 44 39 18 23 24 8 49 15 47 30 2 11 3 35 0 13 28 27 36 29 31 46 21 20 17 45 32 7 9 19 5 34 14 26 10 1 37 6 48 33 40 25 22 12 38 4 16 43 41
3 2 34 45 49 21 11 8 1 0 12 43 6 9 36 4 32 20 38 44 29 41 48 18 15 39 19 17 30 35 13 23 46 10 27 25 7 26 14 31 42 22 28 37 33 47 40 24 16 5
0 1 2 3 4 5 6 7 8 9 10 11 12 13 14 15 16 17 18 19 20 21 22 23 24 25 26 27 28 29 30 31 32 33 34 35 36 37 38 39 40 41 42 43 44 45 46 47 48 49
1 11 23 21 24 19 4 5 16 9 12 7 25 17 22 15 14 8 10 6 13 2 0 18 3 20
20 29 44 32 21 13 5 45 40 48 14 24 7 43 46 38 1 2 8 35 37 25 11 4 16 42 26 49 0 12 15 34 47 39 6 23 18 36 33 28 17 3 19 41 30 31 22 9 10 27
48 47 46 2 0 1 49 40 43 24 20 25 21 23 22 29 26 27 19 10 16 45 41 42 17 11 14 44 39 30 18 13 12 38 31 32 15 37 33 35 9 3 7 36 34 8 6 4 28 5
19 24 3 39 45 48 47 20 10 18 0 27 40 34 23 2 11 16 31 37 46 5 30 36 17 1 26 12 14 15 41 22 21 35 4 13 38 8 44 7 49 42 32 43 28 25 29 9 33 6
13 46 44 36 11 18 10 42 49 48 22 19 37 12 0 8 14 17 5 25 2 6 15 43 35 9 4 27 47 7 31 28 32 16 24 21 3 40 23 29 39 26 20 38 30 45 1 34 41 33
14 3 16 0 30 42 45 2 19 47 1 13 26 15 46 35 33 41 44 17 25 11 27 48 22 10 38 24 39 43 32 12 36 28 7 5 21 20 29 23 18 6 8 31 37 34 9 40 4 49
43 15 5 23 18 28 9 13 6 12 27 21 25 17 42 45 32 47 30 19 31 36 44 8 41 38 3 46 33 37 48 10 4 1 35 29 2 11 39 24 49 26 40 34 20 0 14 7 22 16
32 12 28 42 38 46 9 5 16 40 33 15 36 26 41 34 29 17 22 37 19 8 30 45 44 7 4 1 18 14 11 23 3 13 47 49 10 43 6 27 25 20 35 21 39 0 48 2 24 31
27 43 6 23 47 11 34 28 25 17 42 14 12 2 22 46 13 20 10 33 45 48 0 40 4 26 19 29 30 38 37 31 8 35 5 1 21 16 36 18 15 9 41 49 3 44 32 7 39 24
49 0 40 44 22 24 41 11 6 23 34 21 29 25 13 35 7 12 47 26 10 33 20 16 5 38 1 32 4 14 18 42 46 8 30 39 37 19 27 17 43 28 31 3 48 45 2 15 36 9
5 2 4 0 3 1
14 27 9 24 0 18 21 13 17 2 7 25 23 16 11 28 20 6 1 8 15 26 3 29 4 19 5 12 22 10
7 37 20 19 9 44 40 3 42 14 47 46 18 5 32 12 45 8 16 24 38 35 28 25 27 26 36 17 10 11 33 6 39 1 2 22 30 31 48 43 4 21 41 15 34 0 13 29 49 23
48 46 44 43 41 39 36 34 32 31 29 27 24 22 20 19 17 15 12 10 8 7 5 3 0 1 2 4 6 9 11 13 14 16 18 21 23 25 26 28 30 33 35 37 38 40 42 45 47 49
33 0 1 32 2 31 3 30 4 29 5 28 6 27 7 26 8 25 9 24 10 23 11 22 12 21 13 20 14 19 15 18 16 17
3 7 5 8 10 0 6 11 9 1 2 4
44 42 34 30 22 14 3 0 1 7 4 5 11 8 9 15 12 13 19 16 17 23 20 21 27 24 25 31 28 29 35 32 33 39 36 37 43 40 41 47 46 45 2 6 10 18 26 38
49 0 1 2 3 4 5 6 7 8 9 10 11 12 13 14 15 16 17 18 19 20 21 22 23 24 25 26 27 28 29 30 31 32 33 34 35 36 37 38 39 40 41 42 43 44 45 46 47 48
1 45 35 43 18 13 15 26 40 14 5 22 44 28 4 23 29 42 30 37 39 20 21 49 3 8 7 33 31 0 17 34 27 2 19 48 11 46 25 38 16 36 9 47 24 6 12 32 41 10
11 18 19 0 13 16 2 3 8 1 14 9 6 5 17 10 7 4 12 15
41 46 45 42 1 36 24 20 11 38 27 2 19 7 29 26 4 0 3 6 8 14 21 5 9 25 34 33 43 10 17 28 23 30 22 13 12 35 16 31 37 15 18 40 49 44 39 32 47 48
26 41 13 35 23 12 8 6 25 14 17 44 46 40 1 19 48 18 28 9 15 45 21 31 30 0 2 42 32 5 3 16 24 36 34 4 29 33 11 38 39 22 20 10 43 7 47 49 37 27
5 31 30 44 0 18 46 16 11 33 27 28 41 19 38 29 8 35 32 3 10 20 42 47 15 14 21 7 37 9 6 12 1 2 25 13 45 17 26 49 39 23 36 22 24 48 34 40 4 43
49 40 42 37 24 14 23 36 28 0 27 21 3 44 6 47 12 48 5 18 2 4 31 43 13 30 46 10 8 34 19 26 33 35 15 11 17 1 45 38 7 41 32 29 16 9 25 22 20 39
20 35 28 5 1 12 32 25 9 8 4 6 36 43 3 44 29 39 33 22 40 16 30 10 14 19 23 41 45 42 24 18 0 38 11 26 27 34 21 15 37 13 7 31 2 17
5 6 17 14 4 29 26 40 0 21 37 28 7 36 34 11 38 20 33 22 2 15 13 12 8 32 35 19 41 25 9 10 39 1 27 16 23 18 3 31 30 24
3 2 10 11 4 5 43 45 18 19 44 47 29 21 42 36 14 15 35 34 1 0 13 12 17 46 30 33 23 48 49 7 6 24 26 27 39 38 8 9 41 40 37 20 31 32 22 28 25 16
33 5 23 16 1 22 46 0 15 37 32 21 39 35 28 49 26 13 31 2 12 44 7 19 3 36 20 40 6 9 48 45 47 27 24 18 29 25 8 17 34 4 42 30 43 41 14 10 11 38
49 47 46 36 35 33 32 31 30 28 27 25 24 23 22 20 19 17 16 15 14 12 11 9 8 7 6 4 3 2 1 0 38 39 40 41 42 29 34 21 13 5 10 18 26 37 45 44 43 48
6 23 32 0 1 2 3 4 5 37 33 24 13 47 20 44 11 16 49 15 9 36 41 38 28 39 29 12 30 48 26 40 7 35 25 34 8 14 43 45 10 19 21 18 22 31 42 46 17 27
48 43 47 40 28 38 27 42 32 15 7 17 10 31 36 34 30 26 25 39 18 4 23 37 35 14 33 24 22 45 12 46 13 6 16 20 21 41 19 5 3 2 44 9 11 0 1 49 29 8
24 36 35 34 20 19 38 42 13 32 30 44 11 29 25 17 33 40 14 4 5 12 10 22 43 16 0 2 9 46 31 6 3 26 48 45 27 47 7 39 49 41 1 8 37 15 23 21 28 18
2 0 1 4 3 5
33 39 16 23 8 6 20 10 45 14 30 22 0 34 2 42 19 41 35 1 9 29 46 32 21 36 13 28 26 47 27 40 3 43 49 5 31 15 18 25 37 24 12 4 17 11 7 44 38 48
42 32 44 29 7 33 2 19 40 38 13 23 30 8 22 21 27 41 45 15 24 37 18 48 14 26 1 17 12 28 49 25 3 9 43 10 20 11 0 5 31 35 47 16 46 36 34 6 39 4
0 18 8 44 45 35 28 16 23 47 41 25 40 26 15 4 49 21 13 30 11 37 48 39 9 43 7 2 32 27 29 34 10 6 20 19 33 1 24 38 12 17 46 3 31 5 36 14 42 22
10 46 16 5 45 36 31 37 23 11 18 15 38 29 35 8 22 14 21 12 6 44 3 39 48 13 24 42 0 49 40 28 27 17 7 30 34 1 2 43 25 9 19 4 26 41 33 20 47 32
24 3 27 37 15 9 2 45 22 42 19 38 4 33 0 7 43 5 17 8 29 49 32 25 14 31 1 6 39 26 35 10 18 34 21 48 28 23 46 40 11 36 12 20 44 13 16 47 41 30
10 6 5 11 4 9 3 1 0 7 2 8
0 22 48 13 17 4 12 5 34 32 6 36 18 28 3 11 2 46 26 9 16 38 41 24 8 42 27 37 19 10 14 44 20 30 31 39 45 21 43 29 7 40 1 35 15 23 49 47 25 33
5 12 27 33 8 32 37 1 24 26 46 31 38 23 41 0 4 49 48 19 20 17 7 3 36 18 45 16 13 6 2 43 40 39 25 15 30 21 14 28 29 34 47 10 35 42 44 22 11 9
5 49 23 10 4 47 44 43 12 22 19 42 40 46 20 24 16 28 30 48 13 15 21 37 41 33 14 18 6 36 27 26 9 1 7 39 32 31 8 0 2 25 29 34 11 3 17 35 45 38
48 10 45 2 12 29 7 11 35 6 0 18 21 14 13 37 39 36 30 9 27 26 33 1 46 16 47 43 42 5 34 4 17 40 32 23 15 49 20 44 8 24 22 41 38 31 3 19 25 28
1 40 14 34 15 8 9 18 41 33 0 27 39 6 10 25 22 26 31 48 29 3 4 20 12 21 38 16 5 30 49 13 37 43 47 45 19 32 24 36 2 17 35 42 44 7 23 11 28 46
30 11 18 42 46 14 3 41 45 23 48 33 9 22 2 34 40 32 19 28 17 15 27 35 44 6 7 39 13 24 26 36 31 5 21 12 0 47 10 1 43 38 20 29 16 49 8 25 4 37
28 27 1 34 9 15 14 6 22 24 35 32 18 20 0 43 31 47 37 5 21 39 40 38 36 3 16 8 19 26 33 42 17 41 11 25 12 49 2 44 30 48 4 46 13 10 29 7 45 23
32 8 44 15 45 28 9 12 35 48 29 24 3 42 40 7 33 21 30 11 16 34 22 25 18 38 17 49 37 2 43 14 1 19 0 4 5 10 26 23 13 41 6 47 27 36 39 46 20 31
3 1 11 5 9 10 8 4 2 7 6 13 0 12
5 4 9 11 19 10 1 17 18 14 0 13 2 3 6 8 15 7 16 12
1 14 15 12 7 4 6 11 3 0 2 8 9 10 13 5
29 17 26 31 7 11 3 4 15 13 36 24 6 34 18 19 35 5 38 39 1 2 33 30 9 8 25 16 27 28 20 22 23 21 37 32 10 12 14 0
2 24 47 48 42 35 6 49 26 21 44 36 39 19 46 32 12 40 22 31 3 11 34 13 45 29 1 28 16 14 25 33 4 0 9 17 30 37 23 8 38 10 18 41 5 20 43 7 15 27
26 8 27 44 1 30 12 10 17 9 19 46 23 11 41 38 29 39 43 18 15 6 21 20 49 32 5 25 16 45 14 0 7 24 31 28 33 37 22 2 40 13 4 48 3 47 34 36 35 42
28 27 2 1 0 9 8 7 6 5 4 3 25 24 23 22 47 46 45 37 26 18 10 13 21 29 34 42 43 44 40 39 38 33 32 31 30 17 16 15 14 12 11 41 19 20 35 36
0 1 2 3 4 5 6 7 8 9 10 11 12 13 14 15 16 17 18 19 20 21 22 23 24 25 26 27 28 29 30 31 32 33 34 35 36 37 38 39 40 41 42 43 44 45 46 47 48 49
24 23 22 21 25 26 27 28 0 32 33 34 35 40 39 38 37 7 30 31 19 20 18 17 12 11 10 9 8 3 2 1 29 5 6 36 4 15 16 14 13 43 42 41 45 47 46 48 49 44
11 27 23 18 32 34 0 31 24 2 17 6 35 3 12 30 42 46 13 36 45 1 7 21 20 49 16 40 19 9 43 5 44 14 26 37 47 4 25 33 8 28 38 48 22 10 39 41 29 15
33 1 4 42 13 19 31 6 5 47 45 46 38 36 24 41 8 18 23 15 0 26 35 30 9 17 40 37 39 27 29 22 28 7 10 11 12 3 43 20 44 2 21 32 14 34 16 25
35 5 32 39 40 24 23 42 36 45 25 34 9 10 38 28 43 19 12 6 7 48 4 27 41 47 26 0 18 22 29 2 30 13 14 44 37 11 31 3 46 49 15 21 33 8 17 1 16 20
27 36 38 42 43 24 33 11 9 8 44 40 23 22 41 0 21 14 45 19 15 5 39 25 28 47 18 32 13 35 3 16 37 34 46 30 4 12 29 49 48 17 20 1 7 26 6 2 10 31
33 47 45 48 11 49 29 40 41 35 37 46 43 26 42 44 17 34 18 32 39 23 30 36 10 38 6 31 22 19 15 27 5 4 16 3 0 1 13 2 7 24 9 14 12 20 21 8 25 28
13 16 49 31 7 40 6 29 47 30 43 19 39 44 33 17 36 27 37 24 10 21 46 22 14 3 1 18 5 0 15 11 23 45 41 38 48 28 9 25 12 34 4 35 42 20 32 8 2 26
16 29 27 35 32 41 1 14 25 49 22 44 34 13 11 3 17 21 15 39 47 28 48 42 31 9 38 24 43 30 20 19 26 18 36 37 23 4 33 5 6 2 0 10 45 7 40 12 46 8
4 2 0 1 3 5
10 8 33 21 11 36 27 17 29 45 25 13 2 32 40 37 26 14 46 23 3 15 30 4 18 0 5 38 22 9 6 41 31 16 19 47 49 39 28 1 35 42 20 7 24 44 34 48 43 12
8 0 4 2 1 9 11 10 5 7 3 6
19 23 22 8 9 10 11 3 4 5 6 7 13 12 18 20 21 17 16 15 14 2 1 0
37 2 32 0 44 40 18 29 10 43 9 26 1 28 27 6 35 14 13 23 41 46 17 25 39 4 11 49 34 36 15 21 8 12 45 38 16 48 31 47 3 20 22 5 19 33 7 42 30 24
39 8 18 9 30 7 29 40 45 15 11 41 2 0 20 24 48 16 4 46 32 44 13 36 28 49 6 38 25 5 10 33 31 26 22 3 19 37 14 42 34 27 21 1 47 35 17 23 43 12
29 4 23 40 31 35 46 36 44 19 7 9 0 32 30 26 41 33 11 38 3 34 37 6 39 25 8 47 10 48 43 16 42 2 14 17 12 24 27 28 21 1 22 20 13 15 45 5 18 49
8 42 49 17 10 39 45 31 47 0 34 22 6 41 13 24 35 7 33 3 21 29 14 12 46 48 44 18 40 28 15 38 9 11 36 4 27 2 5 20 25 26 1 30 19 16 32 23 43 37
38 39 35 36 32 33 30 31 27 28 24 25 22 23 19 20 16 17 14 15 11 12 8 9 2 1 0 4 3 7 6 5 10 13 18 21 26 29 34 37 42 45 46 47 43 44 40 41
43 38 41 3 28 29 25 34 39 24 4 19 44 35 26 6 22 47 33 14 16 10 21 30 20 8 37 40 23 12 7 18 9 36 31 11 45 17 0 5 27 42 46 1 15 32 48 49 13 2
29 38 33 19 21 17 37 27 0 14 6 26 25 30 3 49 22 44 35 46 2 31 47 34 8 42 48 4 16 39 23 41 18 7 40 32 10 1 28 20 11 5 45 9 24 15 43 36 13 12
5 2 4 0 3 6 1 7
7 40 45 9 8 38 49 41 10 27 15 18 16 46 11 17 3 43 13 29 32 39 36 23 24 42 26 33 20 22 6 25 31 19 28 48 21 44 30 4 34 5 47 12 35 2 1 14 37 0
3 9 6 7 11 4 13 8 10 0 1 2 12 5
1 7 13 14 15 17 23 27 29 44 25 24 30 18 8 26 11 6 33 40 43 47 41 42 36 21 46 0 2 22 49 39 9 31 37 28 16 19 35 12 38 45 3 34 4 32 20 10 5 48
3 0 1 2 5 4 6 7
33 30 31 32 35 34 20 19 18 21 22 23 27 24 25 26 29 28 47 46 45 42 43 44 0 1 2 5 4 3 10 11 8 7 6 9 13 14 17 16 15 12 37 38 41 40 39 36
45 8 36 41 16 34 26 19 28 12 46 42 22 29 4 2 32 10 49 21 7 13 5 40 31 18 9 25 27 6 17 11 37 43 15 24 44 48 1 23 20 38 35 3 30 33 0 39 14 47
19 5 7 12 18 0 13 25 14 23 22 2 3 16 8 15 10 11 20 6 24 17 9 21 4 1
14 12 10 8 6 4 1 3 0 2 5 7 9 11 13 15
38 39 35 36 32 33 30 31 27 28 24 25 22 23 19 20 16 17 14 15 11 12 8 9 2 1 0 4 3 7 6 5 10 18 13 21 26 34 29 37 42 41 40 44 43 47 46 45
10 38 9 15 7 30 4 17 11 16 18 14 25 0 12 13 29 26 8 35 19 31 23 3 20 22 1 6 24 46 47 40 44 39 43 33 28 5 21 34 45 36 27 2 32 41 37 42
49 23 22 21 45 44 43 17 16 15 39 38 37 11 10 9 33 32 31 5 3 1 27 25 26 0 2 4 28 29 30 6 7 8 34 35 36 12 13 14 40 41 42 18 19 20 46 47 48 24
19 2 42 39 44 49 37 8 48 46 43 7 0 20 11 27 6 23 5 24 16 18 40 28 1 12 14 33 38 9 17 32 36 21 15 13 34 45 31 30 29 22 10 26 25 41 47 3 4 35
46 17 16 18 21 23 24 26 29 31 30 45 47 49 48 0 2 5 7 6 4 11 19 12 20 27 35 28 36 43 41 40 42 44 3 1 13 10 8 9 38 39 37 34 32 33 22 15 14 25
39 45 38 18 15 36 13 11 34 5 10 41 4 49 0 20 33 7 9 19 44 24 2 27 6 21 25 17 14 16 28 8 43 37 32 1 3 35 12 31 47 40 22 26 29 42 23 48 30 46
45 7 34 6 43 30 42 39 9 0 35 4 21 5 13 24 2 44 40 11 17 23 36 33 26 10 41 37 28 25 48 29 18 27 8 15 32 3 49 38 14 19 31 16 22 46 20 47 1 12
43 47 40 20 29 36 28 16 23 24 38 41 17 9 10 25 4 5 2 37 12 0 6 27 7 1 3 26 22 8 21 32 15 11 13 39 46 44 18 34 42 45 14 33 31 49 19 48 30 35
7 6 4 8 0 2 5 1 3 9
20 30 47 18 27 17 44 28 10 33 45 13 48 14 31 26 46 34 21 15 0 2 22 1 7 16 9 40 5 37 42 35 23 32 43 49 25 8 3 36 38 11 6 24 39 12 29 4 41 19
4 3 5 6 11 9 10 8 7 12 17 15 16 14 13 18 23 21 22 20 19 0 1 2
49 7 11 38 1 44 43 48 33 32 2 27 6 25 23 22 13 14 46 15 39 28 3 21 12 36 42 5 19 9 4 40 47 34 10 18 45 20 30 35 0 37 8 24 31 16 26 29 41 17
46 26 0 21 9 22 35 29 8 5 11 18 27 23 36 39 43 45 32 38 34 20 28 1 6 42 10 13 25 2 3 12 37 30 33 41 15 16 31 17 44 19 47 14 40 24 7 4
4 6 0 18 8 16 21 7 11 20 19 13 17 10 9 2 15 14 5 1 3 12
29 41 3 42 38 2 19 30 4 7 39 11 47 44 12 9 8 31 5 16 46 37 25 26 24 23 17 33 43 28 21 27 35 0 13 14 6 34 48 36 10 15 1 49 32 18 45 20 22 40
24 14 2 1 3 4 5 6 7 8 9 10 11 12 19 20 21 22 25 26 29 23 28 27 0 15 16 17 13 18
25 15 14 4 3 47 12 32 46 19 44 11 23 42 13 33 45 40 38 28 39 17 26 34 20 9 7 37 10 8 36 49 24 16 21 5 35 2 29 31 22 6 30 27 48 0 18 43 41 1
48 31 22 30 26 20 25 18 28 21 19 29 24 23 17 27 16 14 6 3 13 10 4 9 2 12 5 0 11 1 7 8 15 32 43 33 39 40 45 35 37 44 34 41 36 42 46 38 47 49
44 6 9 2 17 7 49 10 18 0 25 16 47 1 31 42 15 11 28 41 23 13 33 26 27 3 37 19 12 8 39 45 5 14 36 34 46 32 24 40 20 43 21 22 4 38 30 48 35 29
33 34 19 47 1 10 4 49 2 45 13 27 5 0 3 41 36 7 11 21 32 12 31 46 26 14 28 43 39 38 17 9 22 24 23 44 37 35 30 25 15 42 29 18 20 48 16 8 40 6
29 4 5 20 19 18 17 16 15 14 13 12 39 0 23 22 9 8 7 6 11 10 21 2 3 37 36 35 34 33 32 31 30 28 24 25 26 27 1 38
14 37 9 48 3 45 16 24 46 8 42 34 35 11 15 25 2 18 41 31 1 28 10 32 43 21 39 0 20 36 23 4 40 47 17 5 26 27 7 13 38 19 33 22 6 30 44 12 29 49
30 31 13 9 44 11 27 40 19 12 42 20 5 45 35 37 41 8 34 33 4 22 0 2 29 21 49 18 6 3 25 17 38 39 24 46 1 26 43 15 32 28 47 48 10 16 36 14 7 23
43 42 38 34 35 33 31 30 26 22 23 21 19 18 14 10 11 9 7 6 0 2 1 3 5 4 8 12 13 15 17 16 20 24 25 27 29 28 32 36 37 39 41 40 44 48 49 45 47 46
14 15 11 12 8 9 2 1 0 4 3 7 6 5 10 13 18 21 22 23 19 20 16 17
28 6 30 12 37 27 11 17 38 10 9 7 21 35 40 32 16 33 26 49 41 5 3 4 44 43 20 14 18 31 2 22 13 23 24 42 47 29 19 39 0 36 48 45 8 15 46 1 34 25
7 36 47 29 48 20 18 25 39 31 45 30 6 33 15 8 43 23 12 27 22 28 19 3 32 34 11 0 26 38 24 49 35 13 17 21 40 44 41 1 4 5 14 16 42 9 37 2 10 46
9 7 4 0 2 1 3 5 6 8
47 34 23 41 48 26 4 22 10 33 31 36 7 3 17 45 49 30 14 15 8 32 28 37 9 21 5 43 42 38 16 12 20 35 39 27 1 0 6 44 46 40 24 11 13 25 29 18 19 2
30 31 27 28 24 25 14 17 16 20 19 23 22 7 6 41 40 44 43 47 46 45 37 42 34 29 21 26 18 13 5 10 2 1 0 4 3 9 8 12 11 15 38 39 35 36 32 33
45 39 35 3 36 37 38 6 7 8 9 10 11 12 13 14 15 16 17 18 19 20 21 22 23 24 25 26 27 28 29 30 31 32 33 34 2 40 41 42 5 4 43 44 1 0 47 46
5 1 3 4 7 2 0 6
1 20 17 25 30 37 41 24 19 45 46 11 14 6 10 22 8 28 4 7 26 15 39 49 12 42 2 29 31 34 18 43 16 13 35 48 40 23 27 36 38 44 33 47 21 9 5 3 0 32
25 24 23 22 21 20 19 18 17 16 15 14 13 12 11 10 9 8 7 6 5 4 3 2 0 1 26 27 28 29 30 31 32 33 34 35 36 37 38 39 40 41 42 43 44 45 46 47
2 38 25 6 41 4 14 42 46 5 24 34 47 16 44 29 1 17 49 40 35 45 33 11 31 0 3 12 22 39 30 36 32 19 20 15 48 7 23 37 18 43 27 26 28 13 21 10 8 9
4 0 5 1 2 3
29 4 6 28 32 35 9 15 1 30 3 7 8 11 0 18 21 24 16 41 23 43 37 38 36 12 34 39 26 22 27 19 14 44 20 33 45 2 25 31 40 10 5 13 17 42
28 27 44 43 20 19 15 14 17 16 12 11 33 32 31 30 36 35 2 3 4 5 6 7 8 9 0 1 47 46 45 37 26 18 10 13 21 29 34 42 41 40 39 38 22 23 24 25
21 3 20 26 5 27 37 17 29 42 38 11 48 47 16 6 8 33 36 1 22 31 12 19 9 44 34 7 28 35 4 49 23 43 15 18 32 30 0 10 41 13 2 45 25 14 40 46 24 39
22 19 41 1 12 18 6 48 39 42 11 28 2 24 0 38 36 32 44 29 37 40 16 43 33 4 35 21 49 15 20 23 25 27 31 46 34 47 45 7 5 8 9 13 14 3 30 10 26 17
25 27 28 26 17 15 2 44 19 6 0 22 8 29 5 34 16 12 30 20 31 39 48 33 14 40 42 43 7 1 23 10 36 45 49 41 47 11 4 21 38 18 37 24 13 3 46 9 32 35
2 1 3 0
19 21 7 10 20 1 13 5 2 15 18 4 9 11 14 0 3 8 16 25 12 17 22 24 23 6
42 19 13 18 9 44 49 37 43 21 34 23 48 22 46 14 29 26 6 8 5 1 17 7 4 3 39 30 0 24 31 38 28 16 47 11 41 35 27 45 2 10 15 36 25 12 33 40 32 20
42 47 48 34 36 35 27 31 29 22 24 33 30 23 14 32 15 19 17 1 16 8 20 12 38 5 0 4 2 21 3 25 10 6 11 9 13 7 18 37 40 45 28 41 44 49 26 46 43 39
47 16 25 35 37 23 6 7 34 44 38 9 40 26 3 8 46 39 43 17 48 15 20 4 28 30 14 19 24 32 11 29 0 36 13 21 49 22 33 41 12 5 42 1 27 18 2 31 45 10
48 20 35 5 31 27 38 18 11 47 41 29 2 21 4 34 13 8 44 24 28 40 15 17 14 45 22 7 42 36 32 19 33 46 9 3 0 23 12 37 39 6 26 16 43 25 10 49 1 30
6 37 3 32 22 14 29 39 26 0 1 31 10 21 28 17 18 48 23 27 36 46 12 47 43 8 15 33 5 40 2 41 42 7 34 44 49 20 9 19 25 16 35 11 30 13 24 38 4 45
10 7 12 35 34 48 23 30 28 29 21 46 49 44 9 24 19 41 13 0 20 27 8 32 43 3 26 6 22 17 31 47 42 15 1 25 39 36 4 18 11 40 33 45 16 14 5 37 38 2
38 39 35 36 32 33 30 31 27 28 24 25 22 23 19 20 16 17 14 15 11 12 8 9 2 1 0 4 3 7 6 5 10 18 13 21 26 34 29 37 42 41 40 44 43 47 46 45
22 9 4 24 1 14 5 11 20 21 17 19 13 12 16 3 0 6 23 25 8 18 10 7 15 2
47 43 46 45 44 41 40 42 39 35 38 37 36 33 32 34 31 27 30 29 28 25 24 26 23 19 22 21 20 17 16 18 15 11 14 13 12 9 8 10 7 2 0 1 4 5 6 3
6 7 14 11 3 9 10 17 16 13 15 0 5 4 2 12 8 1
2 49 47 1 40 27 18 22 15 34 29 31 8 23 21 48 13 30 36 43 17 25 41 11 7 0 44 10 46 16 28 6 39 24 42 20 4 26 33 32 45 14 5 35 9 38 12 19 37 3
25 24 27 46 8 31 9 29 10 39 18 21 11 12 3 5 4 0 2 1 7 6 20 14 15 13 41 17 36 40 38 22 28 23 44 35 37 19 30 26 42 33 34 32 43 16 48 45 47 49
0 27 21 22 23 24 25 26 20 19 18 28 29 30 16 17 47 46 45 3 2 1 31 32 33 15 14 13 35 34 12 11 10 36 37 38 8 9 39 40 41 5 4 42 43 44 7 6
11 24 23 44 8 7 29 47 18 39 10 9 6 35 27 2 34 15 1 16 17 38 36 33 20 25 13 5 14 30 0 48 46 26 19 43 32 42 12 31 40 22 41 28 45 4 3 37 49 21
47 42 45 44 49 40 38 41 31 27 32 34 30 29 20 19 25 24 17 48 18 15 13 16 9 21 10 8 36 7 6 4 35 33 28 37 23 22 2 0 1 11 5 14 3 12 26 39 43 46
2 3 1 5 0 4
1 20 2 4 31 32 15 45 30 48 47 11 43 14 0 24 21 44 12 10 13 34 23 3 28 49 27 42 5 46 38 7 33 25 26 40 18 19 22 6 39 9 41 37 17 29 35 16 36 8
7 5 2 0 1 3 4 6
0 1 2 3 4 5 6 7 8 9 10 11 12 13 14 15 16 17 18 19 20 21 22 23 24 25 26 27 28 29 30 31 32 33 34 35 36 37 38 39 40 41 42 43 44 45 46 47 48 49
33 27 2 18 15 34 19 10 26 28 35 11 0 30 13 24 29 6 12 7 20 1 5 3 32 16 14 25 17 21 4 22 23 8 9 31
29 34 9 22 46 38 20 27 8 41 21 0 32 6 37 3 24 10 7 31 40 47 13 19 44 45 4 11 15 16 39 25 35 28 26 30 14 1 18 36 33 43 23 12 5 17 42 2
3 1 43 27 30 31 21 4 29 16 28 47 46 34 9 38 49 42 45 13 36 7 0 6 39 48 33 35 24 25 2 18 37 14 23 22 32 5 40 17 20 15 44 11 12 8 10 41 19 26
3 4 5 15 16 17 0 1 2 11 10 9 8 7 6 13 12 14
24 44 45 25 19 15 12 6 5 1 4 0 2 3 8 7 9 16 10 13 14 11 22 20 18 28 21 26 23 32 17 35 27 29 30 33 34 36 31 40 37 38 41 42 43 46 47 49 48 39
41 46 45 42 1 36 24 20 11 38 27 2 19 7 29 26 4 0 3 6 8 14 21 5 9 25 34 33 43 10 17 28 23 30 22 13 12 35 16 31 37 15 18 40 49 44 39 32 47 48
17 32 9 37 46 29 14 39 33 44 23 5 4 35 28 11 26 40 8 15 49 6 47 30 42 13 10 20 34 19 25 16 36 22 45 31 12 1 48 0 27 7 2 38 3 21 41 24 43 18
29 22 44 0 32 3 27 19 17 38 37 1 30 33 42 40 15 31 7 24 12 5 45 36 13 25 21 26 14 2 11 10 20 4 8 16 6 18 9 43 23 35 41 34 28 39
26 22 32 17 9 10 36 1 30 40 2 4 33 31 8 20 18 38 39 43 13 35 27 7 16 19 5 44 28 23 37 25 41 34 3 21 12 29 45 6 15 0 42 24 14 11
41 31 10 29 0 34 14 3 4 35 36 1 25 6 30 18 7 49 45 48 37 16 11 8 2 19 43 13 22 27 24 17 33 40 46 42 39 20 12 15 21 23 32 5 47 38 26 9 28 44
10 27 24 14 3 1 41 43 26 15 19 17 9 44 47 7 31 25 13 6 0 12 39 21 49 37 35 46 36 18 5 29 33 48 32 40 8 20 16 34 28 22 42 38 23 4 2 11 45 30
6 0 3 16 12 11 5 22 23 25 8 18 10 7 2 15 14 1 24 4 9 13 19 17 21 20
24 7 26 2 6 18 29 3 5 28 27 16 21 22 9 20 8 11 4 1 23 0 15 25 10 13 19 12 14 17
37 36 38 27 29 18 20 9 11 0 2 1 42 43 33 35 34 24 26 25 15 17 16 6 8 7 39 41 40 30 32 21 23 22 12 14 13 3 5 4 19 28 31 10
27 41 13 43 1 8 14 3 17 4 39 42 40 22 47 48 12 44 38 36 9 26 46 18 15 45 16 24 37 32 6 20 0 33 28 7 35 31 11 34 21 25 2 30 29 10 49 23 19 5
1 49 48 23 2 32 12 13 9 14 5 10 25 37 40 30 3 35 6 28 43 19 26 38 4 41 22 11 46 18 16 36 20 17 24 42 15 44 0 7 47 33 27 45 34 31 21 8 39 29
41 23 2 37 30 27 32 29 40 43 7 16 38 39 47 31 33 17 9 24 14 0 8 18 12 15 49 44 26 25 22 10 4 11 48 46 42 28 21 13 19 6 34 20 5 3 1 35 45 36
29 16 23 21 1 3 25 28 9 11 41 44 43 35 20 46 12 38 30 34 39 4 5 45 24 0 49 27 14 17 6 32 37 13 22 33 7 40 8 15 36 10 26 2 42 18 48 47 31 19
2 44 9 10 11 12 13 14 15 16 20 19 18 7 8 46 45 26 27 28 29 0 1 6 43 42 41 40 39 38 37 36 35 34 33 48 49 32 31 30 25 24 23 3 21 17 22 4 5 47
13 39 24 0 43 4 49 47 32 34 41 16 44 30 28 25 45 8 11 40 42 2 26 29 35 31 19 37 12 33 18 48 21 17 9 20 14 1 7 36 22 3 15 46 23 6 38 10 27 5
37 41 36 28 26 40 9 39 32 14 8 10 7 44 47 25 24 30 45 13 35 31 19 34 33 15 0 6 22 17 12 1 4 16 20 23 27 18 46 11 21 5 38 3 43 29 2 42
39 38 37 33 34 35 31 30 29 25 26 27 23 22 21 17 18 19 11 10 9 13 14 15 0 7 6 5 1 2 3 4 8 12 16 20 24 28 32 36 40 44 43 42 41 45 46 47
14 17 27 6 10 13 21 11 19 22 0 25 1 30 15 31 28 9 23 2 8 12 20 18 3 16 24 29 4 7 26 5
49 17 48 47 46 16 15 18 45 44 43 14 13 19 42 41 40 12 11 20 39 38 37 10 9 21 36 35 34 8 7 22 33 32 31 6 5 23 30 29 28 4 3 24 27 26 25 2 0 1
14 12 10 9 7 5 1 3 0 2 4 6 8 11 13 15
17 16 20 18 4 19 7 23 3 12 5 25 22 1 9 13 2 14 8 21 0 24 6 10 15 11
43 23 20 12 37 41 40 10 39 6 19 22 49 14 11 44 32 47 4 8 24 21 48 45 35 15 16 31 5 13 28 2 46 9 7 27 30 17 0 1 18 26 34 33 42 3 29 36 25 38
4 1 3 5 0 2
6 0 1 2 3 4 5 21 49 48 18 24 41 22 19 7 44 16 42 9 47 20 15 35 11 43 26 29 13 25 40 14 32 34 30 33 45 31 10 12 28 27 39 36 37 17 38 46 8 23
38 37 36 32 31 47 6 5 4 0 1 2 3 11 10 9 8 12 13 14 7 15 22 21 20 16 17 18 19 39 46 45 44 40 41 42 43 23 30 29 28 24 25 26 27 35 34 33
4 18 49 41 27 13 36 43 16 5 9 37 39 11 17 21 1 33 22 0 12 45 34 19 3 42 8 23 25 44 38 28 14 40 2 48 30 7 46 24 47 10 29 15 20 6 31 26 32 35
