22 11 6 18 31 13 34 15 46 3 4 43 25 21 27 38 12 26 2 28 5 14 33 17 24 23 35 36 44 39 10 45 50 20 49 1 47 9 7 19 37 30 41 42 32 16 40 48 8 29
50 25 48 23 46 21 44 19 42 17 40 15 38 13 36 11 34 9 32 7 30 5 28 3 26 1 2 27 4 29 6 31 8 33 10 35 12 37 14 39 16 41 18 43 20 45 22 47 24 49
19 46 26 42 22 30 5 29 12 38 9 37 18 48 20 34 2 27 4 1 35 24 47 6 28 8 36 13 32 25 31 3 44 23 50 11 33 10 45 16 39 15 49 21 40 14 41 17 43 7
14 1 24 10 40 41 27 9 33 50 15 11 19 36 43 23 22 26 45 48 17 13 47 2 6 25 38 30 20 42 7 32 4 18 28 35 5 12 44 29 21 16 34 8 31 3 49 39 46 37
5 27 11 45 9 18 44 3 36 37 31 35 1 6 32 40 14 20 17 4 24 12 22 10 29 25 2 39 33 8 13 16 15 7 43 28 21 42 19 47 49 23 41 38 48 26 46 30 34 50
7 3 8 12 15 4 5 6 14 16 13 1 2 9 11 10
4 49 41 25 18 43 32 46 9 48 45 47 13 36 3 10 8 44 35 50 2 30 29 31 11 39 26 14 19 37 28 40 7 17 12 42 1 22 20 33 34 5 27 15 21 24 38 23 6 16
46 41 25 1 21 7 15 13 3 9 18 45 22 40 48 11 38 26 50 2 47 39 20 10 28 6 49 23 34 14 43 30 31 27 44 8 32 36 16 29 5 4 37 12 17 19 24 33 42 35
3 4 5 6 7 8 9 10 11 12 13 14 15 16 17 18 19 20 21 22 23 24 25 26 27 28 29 1 2 30
43 45 36 39 38 40 33 42 30 32 27 34 31 35 23 24 21 26 22 25 41 1 2 13 8 14 15 7 12 5 4 3 6 16 9 10 11 18 17 20 19 44 29 28 48 47 37 49 46 50
7 5 2 1 4 3 6 8
15 4 3 7 43 50 39 22 37 10 42 26 2 11 13 19 21 12 14 5 36 33 32 23 8 29 35 28 44 38 45 18 27 48 30 49 17 24 40 41 1 31 16 6 20 9 47 34 46 25
7 24 46 35 4 26 16 5 31 15 20 22 36 8 47 17 28 3 44 6 45 9 39 42 30 25 2 32 43 38 13 50 29 23 21 49 33 41 14 34 1 12 27 19 18 10 37 48 40 11
18 45 44 26 7 12 2 36 25 42 41 49 23 47 20 10 21 40 43 37 4 38 34 22 35 31 30 27 29 48 46 28 5 13 14 50 39 33 11 19 6 17 3 24 15 9 1 8 16 32
40 35 33 20 17 34 21 48 10 22 39 15 5 12 32 9 38 18 47 1 19 7 42 41 14 44 27 13 43 2 4 11 37 36 6 50 31 23 3 8 45 46 24 29 28 25 30 49 26 16
47 29 45 23 20 41 35 17 42 19 9 34 18 25 2 31 27 11 7 5 30 39 50 15 14 13 49 6 38 36 33 8 16 24 32 3 4 28 37 44 1 21 46 26 10 43 40 48 12 22
27 36 26 38 37 44 45 17 33 18 2 14 1 4 47 29 3 32 12 30 23 6 35 16 24 46 11 21 48 20 13 34 49 28 39 43 10 25 15 5 22 8 40 9 42 19 41 7 50 31
30 29 28 24 25 26 27 3 2 1 48 4 5 6 47 19 18 17 16 20 21 22 15 7 14 13 12 8 9 10 11 43 42 41 40 44 45 46 39 31 38 37 36 32 33 34 35 23
4 3 5 2 6 1
25 42 22 32 2 16 24 7 35 19 44 45 34 47 40 20 13 18 6 23 30 1 29 31 33 12 4 9 46 11 48 28 43 17 21 38 26 37 8 3 5 14 41 36 15 39 27 50 49 10
11 13 50 23 2 41 45 48 10 12 5 40 18 29 32 25 17 37 7 19 42 35 28 6 33 1 20 27 30 38 15 46 16 43 36 47 21 31 9 14 3 26 44 34 24 8 39 49 22 4
5 23 22 40 21 41 1 39 30 7 25 31 15 24 43 4 10 16 3 42 29 14 8 37 13 11 26 28 19 36 18 38 20 27 34 6 32 17 12 2 44 9 33 35
1 2 3 4 5 6 7 8 9 10 11 12 13 14 15 16 17 18 19 20 21 22 23 24 25 26 27 28 29 30 31 32 33 34 35 36 37 38 39 40 41 42 43 44 45 46 47 48 49 50
16 3 8 11 19 9 26 24 15 6 12 21 22 18 20 14 13 17 4 1 7 2 25 5 10 23
19 16 7 1 3 2 18 20 5 11 9 4 6 8 15 13 17 14 12 10
10 14 34 11 50 7 43 3 32 36 23 1 40 19 35 49 29 8 38 33 16 20 25 18 37 15 26 5 42 46 12 21 17 39 27 2 13 28 44 9 41 47 4 45 31 22 48 30 6 24
17 23 38 30 27 43 47 1 29 11 24 20 10 46 15 44 16 4 41 34 37 21 42 32 45 7 12 31 33 25 14 28 50 35 40 3 6 36 9 48 49 5 8 13 2 19 39 22 18 26
36 30 32 34 25 43 33 18 29 8 7 10 42 23 28 13 14 35 5 17 26 15 46 38 21 1 49 16 41 6 37 44 50 19 12 40 20 3 11 31 4 22 2 48 47 45 24 39 27 9
20 26 38 5 7 29 10 16 39 6 44 21 18 23 4 36 25 17 49 12 28 3 34 15 30 22 47 8 42 1 32 35 48 50 43 14 33 40 19 24 37 11 9 46 31 45 2 41 13 27
5 3 37 39 49 11 22 1 47 42 7 41 46 6 24 8 25 36 17 9 13 44 19 10 15 30 16 31 12 48 27 32 26 18 14 20 45 33 29 38 50 23 35 34 40 21 28 43 2 4
32 20 3 16 7 49 45 43 25 44 35 38 4 29 37 12 41 28 48 17 1 33 5 19 15 26 42 8 10 18 31 9 14 36 47 30 22 21 6 40 2 39 24 27 34 11 50 13 23 46
31 32 29 28 25 26 10 9 12 13 16 15 2 3 5 8 7 6 4 1 48 47 46 44 45 43 42 41 40 39 38 30 22 11 19 14 27 35 37 36 33 34 23 24 21 20 17 18
9 28 23 21 40 2 46 50 7 37 6 48 31 8 36 33 45 3 14 15 47 20 35 10 43 42 32 22 13 44 5 49 38 16 41 26 30 12 27 29 4 1 24 19 18 11 17 39 25 34
21 12 37 20 4 27 30 15 24 1 41 50 32 43 25 34 3 10 17 2 31 36 48 8 6 33 7 26 35 19 9 44 16 13 18 38 5 39 45 11 23 47 14 22 49 29 28 46 40 42
36 25 6 22 44 29 32 41 26 24 23 9 33 18 37 49 40 43 19 46 31 10 48 28 21 13 4 8 42 1 30 15 34 14 38 17 5 27 12 2 3 45 20 47 16 7 50 11 39 35
13 9 10 15 16 12 18 17 21 20 24 23 28 32 31 26 25 29 7 8 4 3 2 1 5 6 46 45 41 42 47 48 44 43 11 22 14 19 30 38 27 35 34 33 37 36 40 39
2 9 4 13 5 3 10 14 1 12 6 7 8 15 11 25 34 37 35 16 27 44 21 23 38 26 41 50 17 45 28 39 18 40 48 19 24 30 49 42 36 43 32 22 47 46 31 20 33 29
18 19 17 15 16 20 14 13 12 11 8 6 7 5 10 9 1 2 3 4 21 22 23 26 27 24 25 28 29 30
28 2 47 34 43 17 7 19 37 36 35 12 13 3 48 50 32 1 10 14 40 44 38 6 21 5 33 26 42 23 20 4 29 46 41 25 11 16 39 27 30 9 8 15 31 45 49 18 24 22
31 49 28 25 29 34 30 20 42 14 22 19 24 6 32 38 17 45 35 1 4 11 9 47 46 36 7 21 50 37 10 26 18 33 41 3 40 39 44 15 16 43 23 27 8 48 5 2 13 12
39 18 29 8 45 26 47 22 17 4 43 31 32 23 34 7 16 13 14 3 36 33 40 9 24 30 5 10 27 2 35 38 21 50 44 11 28 19 20 1 12 25 42 15 46 41 48 37 6 49
1 38 12 2 25 27 8 43 10 45 39 32 50 7 19 23 28 31 47 21 3 33 30 24 4 15 49 5 17 44 40 20 46 37 22 29 6 11 14 26 41 13 16 48 42 9 36 35 34 18
5 45 23 21 11 7 12 26 6 16 32 3 38 9 29 1 2 49 19 30 22 43 10 31 17 20 15 34 42 28 48 25 33 8 41 40 24 44 47 35 18 39 4 46 14 27 13 50 37 36
2 1 5 8 10 7 3 6 4 9
19 14 46 48 39 15 13 20 49 50 45 18 12 16 40 35 37 10 38 31 34 11 17 43 41 47 4 1 2 44 42 24 29 21 30 22 25 23 27 26 28 6 3 7 36 32 33 5 8 9
40 37 26 7 20 10 17 22 12 9 34 13 49 19 33 45 39 38 41 27 3 48 36 4 21 28 11 5 43 50 32 30 31 25 1 14 18 24 2 47 46 23 35 44 8 6 15 42 16 29
35 48 46 30 24 39 20 21 47 26 25 5 16 14 45 49 10 27 15 34 50 29 1 32 2 31 7 23 43 36 6 8 22 42 4 33 18 9 28 41 44 19 40 17 13 3 12 37 11 38
17 16 15 14 13 12 18 42 2 32 43 33 10 5 26 44 49 45 6 30 7 36 8 46 38 3 35 11 27 24 4 19 20 23 40 21 37 48 50 29 22 25 47 41 34 1 31 28 9 39
36 14 17 1 40 48 25 7 28 44 30 12 11 35 6 20 10 34 21 45 8 19 2 4 43 16 5 49 50 15 41 29 31 46 22 23 26 38 32 13 33 18 9 3 27 39 24 42 37 47
9 18 15 21 2 17 14 45 16 26 41 49 32 39 27 23 8 13 47 3 28 29 12 38 30 48 36 31 20 19 43 1 4 11 22 46 6 40 5 7 10 35 37 25 44 33 50 24 34 42
30 7 35 43 50 14 2 46 31 10 9 39 11 40 3 47 45 5 44 33 17 18 32 4 21 42 20 6 41 29 12 36 49 38 24 13 27 1 23 15 25 19 26 8 22 28 16 34 48 37
13 39 14 6 29 16 43 37 35 4 1 15 41 2 30 40 7 25 10 46 17 31 32 27 49 9 12 45 5 42 18 19 11 44 48 50 24 36 8 28 34 22 23 26 20 21 33 47 38 3
42 16 45 33 44 49 22 1 14 26 17 12 10 30 50 3 29 35 46 48 25 39 36 4 15 32 2 47 21 43 31 5 11 19 8 24 20 18 27 6 28 41 23 7 40 37 34 38 13 9
22 5 15 11 4 8 2 12 18 6 1 7 17 16 9 21 3 20 13 19 10 14
1 2 3 4 5 6 7 8 9 10 11 12 13 14 15 16 17 18 19 20 21 22 23 24 25 26 27 28 29 30 31 32 33 34 35 36 37 38 39 40 41 42 43 44 45 46 47 48
50 31 28 14 21 29 5 12 26 46 41 48 44 36 32 45 49 16 33 17 25 34 22 19 15 6 20 24 43 40 27 47 8 30 37 3 39 38 7 35 1 9 11 23 10 13 4 18 42 2
4 3 1 2
3 4 6 7 1 10 9 5 8 2
35 34 38 37 36 25 24 28 27 26 15 14 18 17 16 5 4 8 7 6 1 2 3 9 10 11 12 13 19 20 21 22 23 29 30 31 32 33 39 40 41 42 46 47 48 44 45 43 49 50
5 44 21 27 14 15 13 34 32 28 1 9 48 4 45 30 36 20 25 22 16 10 39 11 42 33 2 23 17 19 49 50 47 41 35 38 31 3 24 46 37 7 8 26 40 43 12 6 18 29
30 6 44 35 23 43 8 42 50 49 15 37 48 14 29 25 5 41 40 47 11 20 19 39 38 16 27 2 34 26 12 7 22 28 24 46 18 9 10 32 21 13 3 31 1 45 17 4 36 33
15 17 24 48 39 45 21 25 43 41 49 23 1 2 26 33 44 20 9 6 30 27 40 16 3 4 28 37 31 7 5 10 34 29 32 8 11 50 35 36 12 13 14 38 47 42 18 19 22 46
14 45 18 50 46 38 32 39 37 25 15 34 2 22 27 48 29 10 17 24 8 26 4 6 13 44 1 20 9 5 35 36 28 41 43 23 40 3 19 42 12 30 11 33 16 47 21 31 7 49
3 1 2 4
24 50 3 42 9 1 26 33 14 47 21 13 32 20 43 4 31 34 39 7 41 36 11 12 17 45 28 49 5 48 6 10 22 35 46 23 15 38 25 40 2 18 16 37 44 30 8 19 29 27
45 44 43 42 41 40 39 38 27 28 29 30 31 32 33 34 35 36 37 1 2 3 4 5 6 7 8 9 10 11 12 13 14 15 16 17 18 19 20 21 22 23 24 25 26 50 49 48 47 46
14 27 30 36 38 7 12 28 5 35 32 11 3 4 15 17 25 39 2 10 40 37 8 33 29 16 6 13 23 22 9 31 18 26 34 1 24 20 21 19
49 48 46 44 41 39 37 36 34 32 29 27 25 24 22 20 17 15 13 12 10 8 5 1 3 2 4 6 7 9 11 14 16 18 19 21 23 26 28 30 31 33 35 38 40 42 43 45 47 50
23 36 8 31 37 26 46 34 3 19 2 20 27 49 42 28 13 50 33 39 35 25 9 15 47 24 32 7 29 22 41 14 12 6 4 21 16 5 48 17 44 30 43 18 45 10 38 1 11 40
35 50 36 49 32 40 46 34 31 38 41 39 37 23 43 9 27 6 7 20 4 3 22 17 1 8 12 29 24 25 13 11 18 2 16 5 26 14 19 30 21 33 10 15 42 48 47 45 28 44
9 3 10 7 2 5 8 1 6 4
5 9 2 50 3 1 4 6 7 8 12 11 10 17 13 14 15 16 20 19 18 25 21 22 23 24 28 27 26 33 29 30 31 32 36 35 34 41 37 38 39 40 44 43 42 49 45 46 47 48
34 6 5 50 29 46 36 31 12 32 38 28 17 24 16 45 39 22 35 48 44 1 26 2 20 4 18 43 13 7 40 3 21 15 30 25 37 47 14 19 42 41 8 10 23 9 33 11 49 27
1 2 3 4 5 6 7 8 9 10 11 12 13 14 15 16 17 18 19 20 21 22 23 24 25 26 27 28 29 30 31 32 33 34 35 36 37 38 39 40 41 42 43 44 45 46 47 48
15 12 11 2 18 6 5 7 17 16 14 8 13 10 1 3 4 9
3 26 10 13 1 28 11 5 21 18 17 20 7 2 25 27 8 14 16 19 4 12 6 9 24 22 15 23
39 9 17 16 2 24 1 15 3 22 32 23 18 40 14 21 11 35 8 37 5 12 29 13 19 30 7 33 34 27 26 4 36 25 38 28 31 10 20 6
9 18 15 27 37 23 31 21 32 35 28 6 38 30 7 46 11 12 24 10 36 20 8 39 47 5 4 44 42 26 3 40 48 22 14 16 49 43 17 33 13 41 50 19 45 2 25 1 34 29
28 37 8 15 40 9 10 3 46 38 24 36 47 13 30 5 35 34 33 14 39 31 18 6 2 20 44 4 41 23 26 27 17 49 7 29 16 48 25 45 1 21 11 32 43 42 19 22 12 50
49 48 46 44 41 39 37 36 34 32 29 27 25 24 22 20 17 15 13 12 10 8 5 3 1 2 4 6 7 9 11 14 16 18 19 21 23 26 28 30 31 33 35 38 40 42 43 45 47 50
27 49 6 2 5 46 29 47 24 14 4 42 40 28 15 7 10 32 31 39 21 38 33 19 20 23 41 26 45 12 16 13 36 43 30 1 17 18 35 34 37 11 3 22 50 48 44 8 25 9
46 36 41 7 4 40 10 14 20 27 16 45 15 5 21 43 1 30 50 19 37 3 35 13 2 44 9 24 49 8 47 42 26 6 39 29 23 22 25 33 12 28 17 48 18 38 34 32 11 31
41 37 35 38 7 3 49 50 43 45 46 21 24 10 18 9 48 4 44 29 40 16 26 1 2 12 42 19 13 36 14 8 5 34 20 32 25 30 22 11 47 15 28 27 33 39 6 23 31 17
36 49 24 12 46 26 23 48 37 14 2 50 13 7 44 6 9 8 39 22 21 17 29 16 1 28 33 32 3 47 11 40 20 19 25 41 31 35 18 5 15 27 30 43 10 34 38 45 4 42
33 38 27 36 5 9 46 23 14 20 35 29 45 22 47 39 19 37 1 6 8 16 30 40 34 17 32 25 41 43 21 3 26 12 42 2 49 50 44 13 28 7 11 10 15 4 24 18 48 31
30 1 2 23 20 21 14 29 18 28 19 16 17 12 15 13 27 24 11 26 22 5 25 10 8 9 6 7 4 3
45 44 48 47 46 41 50 2 6 7 8 4 5 3 9 10 13 19 20 22 23 29 30 34 35 1 49 43 42 40 39 33 32 31 36 37 38 25 24 28 27 26 21 15 14 18 17 16 12 11
46 9 48 26 35 49 47 2 37 22 42 20 13 23 12 24 34 45 32 15 5 43 50 44 33 25 21 6 19 8 11 27 14 1 31 4 40 18 36 41 28 29 7 16 30 17 38 3 10 39
4 3 1 6 5 2
13 43 6 38 27 40 16 4 37 15 26 28 46 20 7 32 30 29 44 1 11 24 33 21 41 48 19 47 42 31 17 3 35 49 25 45 23 8 12 14 34 36 18 50 5 10 9 39 2 22
41 1 15 27 18 24 19 23 49 36 20 10 12 37 7 25 50 28 5 11 17 8 14 3 38 43 29 46 22 42 48 16 35 40 31 2 39 21 47 44 34 33 26 4 6 13 32 45 9 30
23 4 32 12 1 17 26 6 29 31 10 19 20 14 21 24 2 15 30 28 5 9 8 27 22 7 25 13 11 3 16 18
31 42 40 45 15 34 50 25 13 37 48 44 30 39 49 47 14 9 36 16 29 46 18 6 38 1 19 27 41 11 4 35 12 8 26 32 5 17 43 22 20 21 2 7 24 33 3 23 10 28
6 8 7 4 5 1 2 3
39 32 48 36 19 9 12 29 43 11 26 5 13 41 17 7 15 6 3 21 24 22 28 38 50 8 47 2 16 46 42 34 30 45 27 33 4 40 20 1 31 10 14 37 23 35 25 49 18 44
34 40 26 13 36 19 28 38 50 11 6 27 4 29 2 35 44 5 7 32 24 3 17 47 1 39 46 8 43 49 37 10 33 30 20 14 16 41 15 25 42 22 23 18 31 12 21 45 9 48
46 36 22 31 29 14 19 42 12 28 5 48 2 26 4 20 21 40 24 27 50 25 23 1 8 41 49 9 45 6 18 35 15 43 10 7 11 33 3 17 38 37 47 13 32 16 34 44 30 39
22 16 35 38 10 40 9 50 21 13 33 32 37 31 20 46 2 11 8 45 14 5 1 23 27 4 30 6 39 34 44 41 42 19 26 28 47 49 12 17 7 18 36 15 29 43 25 3 24 48
16 3 5 10 11 12 4 1 2 9 8 7 6 15 14 13
10 2 9 4 7 3 8 5 6 1
4 5 6 1 2 3 8 7
9 10 5 1 2 7 3 4 6 8
2 5 19 43 29 22 41 42 32 18 36 33 11 6 38 31 40 15 47 3 25 10 14 16 27 8 21 9 4 35 37 45 24 46 34 30 13 44 17 48 12 39 23 1 7 28 20 26
11 33 21 20 39 32 44 35 15 34 8 18 45 41 5 16 7 42 28 19 48 31 25 30 27 6 38 22 46 12 23 13 43 26 1 49 24 3 2 37 4 36 9 40 29 47 14 10 50 17
50 48 45 44 47 49 46 43 41 38 39 42 40 37 34 36 33 35 32 29 31 30 28 27 26 25 22 24 23 21 20 17 14 15 18 19 16 13 11 9 12 10 7 4 1 2 5 8 6 3
49 16 24 36 33 46 3 22 32 28 27 34 5 10 29 38 31 18 14 37 23 43 44 9 42 40 48 45 11 13 25 41 50 19 7 12 35 17 2 8 47 1 20 21 26 6 15 30 39 4
36 21 49 23 50 20 15 33 25 32 6 4 29 37 30 1 7 34 9 10 19 11 13 42 44 18 27 35 31 40 48 3 17 24 26 8 5 41 14 28 45 39 2 38 43 22 12 16 47 46
15 25 40 26 30 12 28 39 5 21 50 47 37 44 29 17 49 24 4 35 43 27 10 13 34 3 16 36 1 31 9 8 38 41 19 20 2 33 46 32 48 6 23 18 11 14 22 42 7 45
10 2 3 22 20 18 4 1 9 16 14 6 11 5 12 15 21 8 7 13 19 17
22 25 28 23 29 26 24 27 21 1 6 4 5 7 3 2 9 8 10 30 11 13 15 16 17 12 19 14 18 20 45 41 47 42 44 48 43 50 49 46 32 36 39 31 38 40 33 37 34 35
4 5 1 6 2 3
15 16 13 12 9 10 3 2 1 4 5 8 7 6 11 19 14 22 23 24 21 20 17 18
14 22 42 29 46 30 33 13 24 19 44 45 43 49 50 38 40 35 21 28 7 27 32 31 23 47 16 6 15 41 10 1 12 36 34 37 39 48 25 26 17 20 3 8 5 18 4 2 9 11
1 2 3 4 5 6 7 8 9 10 11 12 13 14 15 16 17 18 19 20 21 22 23 24 25 26 27 28 29 30 31 32 33 34 35 36 37 38 39 40 41 42 43 44 45 46 47 48 49 50
15 40 37 14 22 25 38 31 46 17 39 24 13 21 18 29 10 32 11 16 35 44 7 33 8 1 5 3 30 2 48 19 26 42 9 50 45 47 20 28 12 49 4 34 27 6 43 36 41 23
32 15 21 28 1 6 13 17 39 10 41 8 3 4 46 48 20 16 36 22 26 35 34 24 18 43 5 50 42 45 12 25 44 30 47 23 14 7 37 38 29 33 9 11 40 2 19 27 31 49
8 9 1 11 17 10 3 4 5 18 13 7 16 2 19 20 12 15 14 6
34 13 41 38 40 23 44 32 39 25 10 30 36 46 19 14 35 6 2 1 24 33 8 7 15 16 12 4 9 20 26 5 29 28 48 21 31 27 37 43 11 18 47 22 17 45 3 42
48 34 47 30 20 46 13 22 15 50 42 45 4 7 27 17 43 18 49 31 9 12 44 24 40 36 2 32 16 1 39 25 41 6 5 23 3 33 11 10 19 21 28 35 8 37 29 14 26 38
23 10 37 32 30 44 2 36 29 11 28 45 25 50 4 31 49 42 14 20 22 8 12 41 13 27 7 24 35 21 47 48 5 43 40 26 9 38 1 19 33 16 18 15 34 46 39 17 3 6
12 6 27 14 19 4 15 3 28 37 9 41 30 23 22 46 21 24 8 31 42 47 1 17 48 40 2 38 44 7 32 49 5 29 43 25 45 18 20 36 33 39 34 16 11 26 50 10 13 35
34 25 36 31 8 27 9 7 11 2 16 5 1 4 32 13 35 10 17 19 26 12 33 6 38 40 23 14 20 37 15 18 21 24 39 28 3 29 22 30
43 14 17 2 32 11 38 19 24 13 48 8 22 18 21 1 31 29 10 5 3 40 4 9 25 30 36 37 34 26 49 6 16 47 46 12 33 7 35 39 28 50 27 23 44 42 41 20 45 15
21 20 9 41 30 48 42 50 17 43 33 18 39 29 34 35 49 27 46 14 44 5 11 7 24 37 8 2 13 40 47 4 19 32 15 16 36 1 3 26 6 31 25 10 45 28 12 22 23 38
18 45 44 26 7 12 2 36 25 42 41 49 23 47 20 10 21 40 43 37 4 38 34 22 35 31 30 27 29 48 46 28 5 13 14 50 39 33 11 19 6 17 3 24 15 9 1 8 16 32
13 11 19 16 5 41 17 42 40 22 3 1 23 8 30 32 49 43 45 4 36 34 37 25 35 12 24 26 29 50 48 2 7 21 27 14 44 6 33 9 15 46 10 18 39 47 31 20 38 28
48 33 14 8 1 37 12 20 3 39 42 31 43 17 16 5 29 46 41 23 2 36 32 18 9 13 19 44 22 45 11 30 25 7 15 24 47 4 21 28 35 26 49 27 6 10 40 34 50 38
1 8 7 6 2 3 4 5 37 36 35 34 38 39 40 20 19 18 22 23 24 32 31 30 26 27 28 16 15 14 10 11 12 13 17 45 33 29 21 25 9 41 48 47 46 42 43 44
49 47 23 46 43 21 42 39 19 38 35 17 34 25 24 32 15 30 11 10 28 6 4 5 26 2 1 3 27 8 7 9 29 13 12 14 31 16 33 36 18 37 40 20 41 44 22 45 48 50
25 8 24 31 23 6 22 49 27 10 14 38 48 4 2 36 43 12 16 11 30 9 1 45 40 21 32 20 34 19 28 46 3 41 44 33 13 5 50 7 26 47 15 42 17 37 18 29 39 35
8 50 6 32 43 36 27 9 35 41 18 37 40 45 33 17 42 16 12 14 19 5 11 26 38 44 31 21 48 47 34 28 13 15 4 2 46 25 22 49 29 10 1 30 3 23 7 39 20 24
6 49 48 43 50 38 32 25 30 24 17 44 37 11 26 31 41 5 2 16 12 45 15 18 42 3 8 10 21 36 14 28 46 39 34 29 4 40 9 35 19 13 7 23 22 47 33 27 1 20
44 6 42 50 25 9 4 16 12 35 43 15 22 26 2 46 29 3 8 28 24 45 19 40 13 39 17 36 47 11 27 48 18 32 30 20 7 5 38 21 37 1 31 49 23 34 33 41 14 10
11 9 14 12 17 2 1 8 16 20 15 4 3 5 13 18 19 10 7 6
47 46 45 22 44 43 42 21 20 19 41 40 39 18 17 16 38 37 36 15 14 13 35 34 33 12 11 10 32 31 30 9 8 7 29 28 27 6 5 4 48 49 50 1 2 3 26 25 24 23
28 27 26 25 24 23 38 45 40 5 6 22 39 14 41 47 46 8 9 10 49 50 44 17 16 34 33 32 3 2 48 37 36 15 30 31 4 35 21 20 19 29 42 1 7 18 43 13 12 11
21 19 50 20 49 22 42 43 25 9 7 28 6 30 32 11 31 14 37 18 29 1 27 4 26 15 35 8 34 12 33 3 5 2 38 10 36 39 23 44 13 45 16 41 40 17 47 46 24 48
13 18 41 49 47 39 42 36 5 25 31 20 38 33 7 23 21 30 10 50 4 2 27 35 12 9 1 34 26 37 48 24 14 3 8 43 28 32 16 45 11 6 46 17 40 44 22 15 19 29
49 47 50 9 19 39 37 44 20 15 14 38 33 36 12 13 8 32 29 28 4 3 18 42 26 30 6 11 10 34 43 27 1 2 23 35 31 40 16 21 17 45 7 5 24 48 41 46 22 25
33 34 6 39 40 50 3 22 37 5 38 41 35 25 1 7 36 29 45 47 2 4 24 43 14 42 10 15 48 18 20 27 9 23 8 12 19 11 26 32 16 17 30 44 21 31 46 28 49 13
24 30 5 33 40 8 31 15 35 26 25 50 23 32 7 17 48 41 12 38 42 2 39 21 22 18 6 28 14 43 27 16 49 36 44 4 1 34 11 20 37 46 3 19 45 9 47 10 13 29
49 50 25 45 43 46 21 32 20 19 18 38 13 31 12 11 10 30 5 4 3 26 1 14 2 27 39 28 6 7 8 29 9 34 15 16 17 42 22 33 35 36 23 37 40 41 24 44 47 48
25 27 28 22 23 24 26 29 21 4 2 1 9 5 6 7 3 10 8 30 13 20 18 11 15 19 16 12 14 17 44 43 41 50 45 49 47 42 46 48 35 39 37 40 34 31 33 36 38 32
50 25 22 20 43 11 28 45 18 7 46 21 23 41 49 26 30 33 40 12 4 1 32 48 3 16 5 2 31 37 14 44 6 9 13 36 24 38 34 19 42 8 15 17 10 35 29 47 39 27
3 18 28 41 26 48 8 45 7 23 24 1 50 29 15 30 36 6 32 19 22 9 33 12 42 11 27 37 47 10 21 44 4 34 14 16 35 17 20 25 5 2 39 13 46 49 40 43 31 38
15 6 13 1 11 14 8 10 5 12 2 4 3 16 7 9
39 7 43 3 14 45 47 13 1 34 31 5 11 32 42 36 16 49 8 35 46 2 17 10 38 30 40 41 28 19 6 22 9 37 21 25 27 23 33 15 48 26 50 44 4 24 18 29 12 20
49 20 33 42 12 1 50 31 25 22 4 41 13 29 32 45 28 44 24 37 26 8 40 36 48 3 7 5 23 2 34 39 27 14 46 16 6 9 18 43 21 11 38 30 10 47 35 17 15 19
15 16 41 37 36 12 47 7 26 11 22 49 20 28 4 29 5 40 44 14 1 31 32 25 24 35 21 3 50 13 30 9 6 10 19 8 17 34 33 2 18 23 48 38 45 42 46 39 27 43
6 7 26 36 32 13 15 3 27 21 22 19 10 5 29 35 2 9 4 24 23 34 16 8 11 28 31 33 1 17 18 39 30 40 14 12 20 25 38 37
28 23 42 49 7 1 12 5 27 26 36 25 6 17 18 33 19 20 13 16 14 29 43 32 21 47 45 4 30 50 46 41 8 38 35 37 34 10 22 2 11 44 3 39 9 31 40 24 15 48
34 49 33 13 38 4 6 47 40 17 10 46 43 24 11 8 30 3 9 26 36 27 20 15 21 28 7 48 22 45 2 41 35 5 29 44 1 25 32 12 31 23 39 37 42 16 14 50 18 19
44 34 37 14 15 36 12 39 13 38 42 9 10 11 40 32 20 19 18 33 21 22 23 24 25 26 27 28 29 30 31 46 50 1 2 41 35 16 17 43 8 7 45 6 5 47 4 48 3 49
3 48 36 50 49 28 18 23 5 45 20 32 9 21 16 13 46 40 33 24 17 25 41 1 29 30 19 2 11 47 38 26 15 43 8 22 39 7 35 44 37 31 4 14 34 6 12 42 27 10
14 30 24 43 25 35 32 48 8 41 15 22 38 7 39 36 19 21 27 5 9 3 29 33 20 31 16 47 45 12 46 13 40 37 26 6 42 1 28 18 44 34 49 23 17 4 50 10 11 2
11 10 5 8 4 3 12 1 7 9 2 6
26 15 8 6 2 47 18 22 34 50 45 12 29 32 37 16 28 49 19 10 5 36 20 4 21 23 35 3 17 1 30 27 7 41 42 31 43 14 25 11 38 13 39 33 9 46 24 48 40 44
37 31 50 5 15 18 22 39 46 41 16 8 26 7 40 9 4 2 24 29 11 38 21 17 47 44 33 23 28 49 32 13 12 30 42 10 43 6 48 14 45 27 3 20 1 35 19 25 34 36
33 6 36 8 20 24 37 2 25 46 32 39 9 40 38 16 30 1 23 21 11 22 43 50 17 5 26 4 35 15 48 44 19 31 41 28 7 10 3 34 49 13 42 45 27 12 29 14 47 18
5 22 14 23 6 10 17 20 24 18 3 4 11 15 13 8 16 7 2 12 9 21 19 1
12 3 46 1 22 21 28 25 23 9 44 36 6 41 39 7 19 31 34 11 24 10 15 26 18 40 4 35 29 14 37 20 47 5 45 33 8 17 38 16 42 48 2 13 43 32 27 30
41 44 43 48 45 46 47 40 39 42 37 38 35 34 33 36 31 32 29 28 27 30 25 26 23 11 14 6 3 4 5 8 7 13 19 20 17 16 10 22 21 24 2 1 15 18 12 9
44 34 23 26 35 15 27 11 2 38 5 9 29 28 37 45 40 32 1 14 43 36 42 10 20 21 22 7 50 39 3 12 4 47 18 46 33 8 6 31 48 16 30 41 13 24 25 49 19 17
34 38 29 23 43 32 15 40 13 1 20 22 12 48 41 47 35 25 17 5 9 39 45 30 42 49 19 16 6 24 14 36 31 18 37 10 7 3 44 21 33 4 2 11 28 26 8 27 46 50
1 2 3 4 5 6 7 8 9 10 11 12 13 14 15 16 17 18 19 20 21 22 23 24 25 26 27 28 29 30 31 32 33 34 35 36 37 38 39 40 41 42 43 44 45 46 47 48 49 50
11 7 14 3 1 19 21 4 5 20 25 22 24 12 2 18 26 8 13 10 17 6 9 15 16 23
10 11 16 35 18 7 49 30 32 23 25 19 28 40 37 14 22 9 36 38 48 15 5 50 27 31 17 4 20 34 29 42 24 1 13 45 33 44 8 3 2 26 39 47 21 12 6 46 43 41
6 4 8 34 31 39 15 13 17 40 50 30 23 27 24 25 22 28 26 21 29 1 2 46 41 44 14 11 16 36 33 35 19 45 42 43 18 12 20 49 47 48 9 3 10 37 32 38 7 5
7 34 22 36 24 35 41 28 1 19 15 16 42 23 6 31 37 18 2 3 12 17 10 30 26 11 21 38 47 25 4 27 13 46 49 48 32 33 5 14 39 9 45 8 50 43 40 20 29 44
42 35 2 18 15 23 20 49 39 13 14 47 26 25 5 17 37 6 48 28 1 9 50 31 3 7 16 8 44 36 10 32 4 38 27 22 19 11 43 12 34 29 33 30 40 24 41 45 46 21
46 22 28 37 36 47 33 41 10 25 39 18 45 14 27 16 3 1 43 23 49 24 30 21 2 5 11 9 7 19 17 48 20 15 8 42 12 26 13 44 40 6 35 38 32 31 34 50 4 29
15 8 23 17 28 22 26 1 21 35 44 16 6 30 24 3 12 40 25 50 29 10 14 32 20 31 13 7 45 48 19 4 47 34 38 49 11 27 39 42 5 2 36 37 43 18 33 46 9 41
49 1 35 42 43 39 16 34 41 18 30 10 47 11 33 26 28 7 44 21 36 38 23 37 27 40 22 6 17 31 9 20 32 50 13 2 19 15 29 4 14 48 8 5 25 12 24 45 46 3
11 34 46 40 8 49 37 17 15 1 41 5 2 22 36 6 25 32 9 50 4 3 13 43 18 26 29 35 12 48 24 23 47 14 21 33 45 38 39 31 30 20 27 7 44 28 19 16 10 42
28 20 8 13 48 16 47 9 31 40 33 5 49 4 50 7 1 41 45 23 22 30 46 3 12 35 24 6 39 2 26 14 36 25 42 15 19 43 38 37 10 27 11 34 21 17 18 44 29 32
6 3 5 1 4 2
19 1 25 10 26 24 17 22 14 18 29 2 7 21 11 12 15 28 3 8 9 16 27 4 30 5 20 6 13 23
8 29 21 38 49 32 31 23 3 24 25 16 39 36 35 18 37 13 46 9 17 15 48 47 19 6 33 45 41 4 27 28 26 30 50 2 40 7 34 12 11 43 1 14 44 42 22 5 20 10
49 47 45 44 42 40 37 35 33 32 30 28 25 23 21 20 18 16 13 11 9 8 6 4 1 2 3 5 7 10 12 14 15 17 19 22 24 26 27 29 31 34 36 38 39 41 43 46 48 50
20 15 22 13 24 11 26 9 28 7 30 5 32 3 34 1 2 33 4 31 6 29 8 27 10 25 12 23 14 21 16 18 17 19
4 10 7 12 1 11 9 6 8 2 5 3
37 38 39 41 42 48 45 43 44 10 8 2 3 5 6 7 9 12 11 13 16 23 25 1 4 46 47 40 34 35 17 15 14 20 19 18 24 21 22 28 27 26 32 29 30 36 33 31
50 1 2 3 4 5 6 7 8 9 10 11 12 13 14 15 16 17 18 19 20 21 22 23 24 25 26 27 28 29 30 31 32 33 34 35 36 37 38 39 40 41 42 43 44 45 46 47 48 49
44 45 19 32 34 8 2 46 36 50 22 21 29 5 40 38 25 7 13 30 24 9 4 33 42 11 1 18 35 10 37 17 39 26 47 12 43 31 14 16 27 48 15 41 28 3 20 49 23 6
13 8 5 7 10 15 2 9 4 3 16 1 14 17 19 20 12 6 18 11
22 48 28 50 31 42 23 14 45 35 41 19 16 25 21 12 32 20 37 2 17 15 36 13 6 10 27 30 8 11 5 38 9 26 1 4 18 7 24 29 33 40 3 39 43 46 44 34 49 47
27 42 14 36 24 13 9 7 26 15 18 45 47 41 2 20 49 19 29 10 16 46 22 32 31 1 3 43 33 6 4 17 25 37 35 5 30 34 12 39 40 23 21 11 44 8 48 50 38 28
31 32 6 50 18 27 45 21 43 48 25 49 35 41 36 33 4 11 20 39 30 9 8 22 15 16 26 14 10 7 13 2 3 44 1 19 47 17 12 42 29 5 46 23 37 24 40 34 28 38
17 27 34 18 12 16 36 26 44 14 20 35 9 50 41 43 38 25 15 24 37 29 1 28 22 4 45 7 48 13 49 6 19 3 5 23 21 2 46 39 11 47 31 40 32 30 33 42 8 10
13 33 26 9 10 8 32 3 42 19 25 43 46 16 22 35 28 27 12 39 1 2 7 37 44 4 45 6 29 36 21 30 40 34 23 41 17 31 11 15 20 24 38 14 18 5
5 30 27 6 15 12 35 2 40 11 10 38 29 7 22 1 41 19 24 3 39 21 34 23 8 33 36 20 42 26 16 14 13 18 9 17 28 37 4 32 31 25
4 48 45 7 8 50 49 24 23 29 30 3 11 19 46 42 10 9 44 43 22 21 31 47 18 34 33 16 36 35 2 1 14 13 39 40 12 5 6 17 15 37 38 41 32 20 26 25 27 28
11 9 26 30 19 25 31 43 42 44 8 45 15 28 48 46 49 22 2 41 21 37 4 20 40 36 29 50 27 14 32 3 13 6 10 7 34 18 12 39 47 23 33 38 16 1 5 35 17 24
1 2 3 4 5 6 7 8 9 10 11 12 13 14 15 16 17 18 19 20 21 22 23 24 25 26 27 28 29 30 31 32 33 34 35 36 37 38 39 40 41 42 43 44 45 46 47 48 49 50
1 2 3 4 5 6 7 24 23 19 22 20 33 8 36 40 34 25 38 44 46 11 35 26 50 17 12 10 16 32 43 47 18 27 49 31 15 9 14 48 21 45 13 30 28 29 39 42 37 41
32 10 49 37 5 19 40 28 26 38 36 34 15 13 47 14 7 17 21 3 4 39 6 20 42 29 1 2 50 30 27 22 11 24 8 18 16 12 44 48 41 31 35 45 9 25 23 46 33 43
14 43 39 20 21 48 28 46 49 27 4 36 37 25 10 47 32 7 30 26 18 34 41 15 5 6 13 11 23 44 33 31 45 12 2 42 50 40 8 35 17 1 3 16 24 22 29 19 38 9
5 4 6 1 2 3
49 24 17 40 38 26 19 30 7 46 15 31 23 1 35 47 21 11 44 50 6 32 16 3 43 39 45 48 28 41 4 33 25 22 37 14 29 27 36 42 20 8 9 13 5 18 12 10 2 34
10 4 26 50 29 8 34 42 28 5 40 7 30 45 33 43 11 44 35 22 23 9 31 24 14 15 27 2 18 20 48 46 32 49 19 38 25 16 47 37 36 39 41 17 13 3 21 12 1 6
2 28 34 20 25 30 35 11 4 12 38 49 40 10 44 8 3 33 18 5 23 50 16 19 9 27 41 26 42 48 24 17 29 7 21 15 37 6 32 47 31 14 22 43 13 39 45 1 46 36
47 23 9 49 40 4 45 7 13 30 36 34 21 11 27 42 37 24 48 33 16 39 41 46 6 17 14 25 43 1 50 22 5 20 15 32 38 2 3 44 26 10 19 29 28 18 8 31 35 12
14 17 24 45 37 13 21 41 47 28 26 20 39 5 34 31 42 43 23 27 40 7 15 32 2 19 11 36 12 48 33 25 1 8 44 6 18 9 30 50 4 46 3 10 16 38 35 22 49 29
11 7 6 5 10 12 4 2 1 8 3 9
14 21 33 8 3 18 10 27 1 2 36 4 6 11 7 5 43 12 22 15 28 16 17 37 9 13 23 24 29 26 19 20 38 30 31 32 25 40 34 45 35 41 42 46 39 44 49 50 48 47
1 42 30 41 40 23 45 43 36 11 48 35 12 22 31 16 26 25 27 47 32 5 7 14 17 46 19 37 13 28 44 3 24 39 29 15 18 21 20 49 6 8 4 34 9 33 10 38 2 50
15 2 10 40 26 30 8 14 16 31 29 39 1 3 22 45 27 28 7 19 21 50 35 33 11 5 13 41 32 44 6 24 4 38 42 34 20 12 9 43 37 46 23 25 17 49 47 36 18 48
6 35 5 26 14 39 40 38 50 8 12 36 7 25 9 48 32 29 15 3 13 30 44 37 31 10 28 27 34 2 47 17 1 19 49 18 41 33 24 16 43 42 23 4 46 11 22 45 21 20
35 16 9 15 6 23 26 2 49 41 44 38 14 31 1 28 40 22 20 46 48 43 36 18 3 37 25 33 17 39 10 11 7 19 42 34 4 5 21 45 8 13 50 32 27 47 29 30 24 12
26 43 22 11 48 38 36 45 14 25 50 9 17 40 4 42 46 24 49 34 10 47 15 7 8 5 3 23 28 16 31 18 29 20 6 32 37 27 33 41 35 44 1 13 30 39 21 19 12 2
6 38 48 32 8 46 15 16 34 27 20 9 17 4 37 39 41 40 22 3 21 1 44 50 29 10 35 12 26 13 33 19 43 18 42 30 11 2 28 7 23 25 36 14 47 5 49 31 45 24
46 29 27 28 48 50 38 39 26 23 8 41 43 4 15 2 20 33 9 32 18 11 6 36 13 10 16 19 45 5 1 24 14 42 7 3 44 47 25 30 49 21 35 17 12 31 22 34 37 40
4 2 12 6 10 11 9 5 3 8 7 14 1 13
10 5 6 1 14 20 11 13 17 18 2 4 7 9 16 8 12 15 19 3
2 15 16 14 5 7 12 4 11 10 9 3 1 6 8 13
30 18 27 32 8 12 4 5 16 14 37 25 7 35 19 20 36 6 39 40 2 3 34 31 10 9 26 17 28 29 21 23 24 22 38 33 11 13 15 1
28 16 49 8 44 21 6 48 25 3 24 9 38 31 30 46 13 35 14 12 4 20 47 23 32 40 37 45 22 27 50 7 36 43 19 11 42 2 29 17 15 34 5 1 10 18 26 33 41 39
13 31 48 36 16 19 10 18 50 7 22 21 11 30 40 44 9 3 12 42 5 43 33 6 26 17 24 1 8 25 32 29 46 15 28 39 14 41 35 37 4 49 45 23 20 47 27 2 34 38
1 2 3 4 5 6 7 8 9 10 11 12 13 14 15 16 17 18 19 20 21 22 23 24 25 26 27 28 29 30 31 32 33 34 35 36 37 38 39 40 41 42 43 44 45 46 47 48
1 2 3 4 5 6 7 8 9 10 11 12 13 14 15 16 17 18 19 20 21 22 23 24 25 26 27 28 29 30 31 32 33 34 35 36 37 38 39 40 41 42 43 44 45 46 47 48 49 50
32 31 1 33 40 8 39 38 34 35 36 41 42 43 45 44 46 47 48 49 50 30 6 2 4 3 5 7 37 9 10 15 11 13 12 14 16 17 18 19 20 21 22 23 24 25 26 27 28 29
15 16 12 28 42 41 24 18 3 25 30 23 21 35 1 32 20 10 44 22 8 17 50 4 13 31 43 47 14 37 46 2 40 36 7 45 6 27 38 48 5 26 34 9 29 39 49 11 19 33
5 34 2 14 43 20 32 7 6 26 17 35 15 33 22 3 21 45 13 44 4 11 12 8 29 23 30 28 40 38 41 18 10 31 36 27 1 16 24 19 9 42 25 37 39 47 46 48
6 15 45 5 21 30 39 11 42 48 36 37 43 24 44 29 33 40 41 25 8 49 14 28 7 34 9 18 3 31 46 26 35 10 17 19 1 27 23 47 4 32 12 38 22 50 16 2 13 20
27 7 3 2 8 50 30 37 17 39 43 44 49 18 21 40 6 13 5 31 47 35 38 26 29 48 36 14 33 19 42 1 22 15 46 20 16 4 25 34 28 23 24 41 45 9 10 12 32 11
47 41 30 15 5 17 34 21 13 23 20 37 11 39 12 7 32 29 26 9 22 4 14 46 16 36 40 1 2 48 3 8 25 10 50 38 6 28 18 35 19 33 27 49 43 44 42 24 31 45
13 26 10 40 45 34 31 48 27 15 4 32 8 43 41 12 50 21 33 7 30 17 19 6 1 16 23 47 22 11 25 38 28 37 18 3 9 20 44 2 46 35 5 36 24 14 42 39 49 29
17 28 42 16 6 34 5 20 21 47 13 41 8 46 11 23 50 33 7 3 1 29 49 43 32 10 39 19 27 40 48 44 25 36 30 14 35 45 4 18 22 26 15 31 2 24 38 37 12 9
5 3 6 4 1 2
11 9 34 22 12 37 28 18 30 46 13 45 35 49 25 8 21 26 14 3 33 41 38 27 15 47 24 4 16 44 31 5 19 1 6 39 23 10 7 42 32 17 20 48 50 40 29 2 36 43
9 1 5 3 2 10 12 11 6 8 4 7
23 9 10 11 12 4 5 6 7 8 14 13 15 16 17 18 22 21 24 20 19 3 2 1
39 46 13 37 35 50 5 12 17 2 29 28 7 36 15 14 9 22 10 27 8 43 3 38 24 42 47 18 26 40 34 16 31 33 1 45 41 19 30 11 44 21 4 48 32 49 25 20 6 23
36 48 2 22 11 34 32 27 23 4 20 10 28 35 39 7 50 29 37 14 45 33 47 5 26 38 15 43 40 19 9 13 41 30 8 31 21 1 3 42 12 16 46 17 49 25 24 18 6 44
16 24 41 32 36 47 37 45 29 22 9 26 40 7 38 35 5 18 13 25 28 48 11 49 3 15 17 44 10 1 33 31 27 21 14 4 39 12 34 42 19 46 2 23 50 8 20 6 43 30
14 42 7 18 50 35 23 9 43 45 49 47 48 32 21 26 4 22 1 19 41 29 16 39 3 6 15 25 34 8 28 5 37 12 10 27 2 31 20 17 30 24 33 36 40 46 11 13 44 38
1 2 3 4 5 6 7 8 9 10 11 12 13 14 15 16 17 18 19 20 21 22 23 24 25 26 27 28 29 30 31 32 33 34 35 36 37 38 39 40 41 42 43 44 45 46 47 48
28 43 47 16 2 10 19 32 8 37 14 33 50 3 49 34 48 23 15 7 27 20 45 36 5 25 40 35 26 30 29 42 39 44 4 46 12 18 1 6 31 22 21 17 11 38 24 9 41 13
45 36 47 6 20 42 13 46 10 25 16 44 15 1 48 35 31 4 14 37 33 11 7 27 26 12 21 29 2 39 9 43 30 3 32 49 34 19 8 41 24 40 17 5 50 23 22 18 28 38
6 3 5 1 4 7 2 8
9 8 26 32 31 5 46 16 10 22 45 3 36 13 48 6 35 41 14 30 33 40 37 24 25 43 27 34 21 23 20 29 49 1 2 15 38 19 17 47 12 18 4 44 7 42 11 28 39 50
4 10 7 8 2 1 11 9 12 5 14 3 13 6
25 9 19 31 21 11 39 46 2 8 18 16 7 12 27 14 26 45 24 28 30 15 29 38 32 10 40 50 23 3 1 47 22 37 43 42 48 44 41 34 13 36 20 17 6 33 5 35 4 49
8 7 5 6 3 4 2 1
15 14 13 16 17 18 22 23 24 21 20 19 12 11 10 7 8 9 1 2 3 6 5 4 39 38 37 33 32 31 27 26 25 28 29 30 34 35 36 40 41 42 46 47 48 45 44 43
2 45 38 35 21 24 10 26 40 15 43 23 30 5 12 18 7 3 33 20 27 4 36 28 9 29 13 47 22 50 19 32 41 6 14 8 31 42 17 25 16 44 34 1 37 48 11 46 49 39
15 26 6 8 13 19 1 14 12 2 5 22 24 23 3 4 17 9 16 11 10 20 18 21 7 25
15 13 11 9 7 5 2 4 1 3 6 8 10 12 14 16
1 2 3 4 5 6 7 8 9 10 11 12 13 14 15 16 17 18 19 20 21 22 23 24 25 26 27 28 29 30 31 32 33 34 35 36 37 38 39 40 41 42 43 44 45 46 47 48
1 13 14 30 27 9 44 40 45 16 31 8 23 21 43 19 15 26 3 33 42 38 28 37 46 35 29 6 22 34 2 7 25 11 39 10 47 48 41 36 20 32 24 4 5 17 12 18
24 23 48 45 43 21 20 19 42 39 37 15 14 13 36 33 31 9 8 7 30 26 27 1 2 3 28 4 5 6 29 32 34 10 11 12 35 38 40 16 17 18 41 44 46 22 47 49 50 25
42 26 27 11 23 49 10 39 21 12 25 17 19 47 50 38 8 1 3 43 40 36 44 24 6 48 7 28 9 15 34 2 13 18 33 37 22 16 14 35 46 32 45 30 31 4 5 29 41 20
34 33 35 38 40 41 43 46 48 50 49 1 3 6 8 7 12 5 13 15 16 14 11 9 10 39 37 20 28 21 29 36 44 42 23 24 22 19 17 18 47 45 4 2 26 25 27 30 32 31
39 46 31 2 35 23 41 48 32 13 36 4 49 24 28 7 22 43 30 27 25 3 50 1 21 5 42 15 17 29 9 47 33 10 8 14 37 16 34 11 6 26 18 44 38 40 12 20 45 19
9 16 48 13 2 25 3 14 6 5 22 34 11 27 50 47 23 21 20 15 32 43 40 31 44 35 7 36 10 1 41 45 12 38 42 29 26 17 49 30 28 19 8 46 33 4 39 24 18 37
18 42 39 25 15 46 14 40 38 13 41 10 37 3 35 43 23 27 1 26 5 4 2 29 6 30 12 16 8 28 7 36 31 17 47 11 19 45 34 22 33 9 32 50 24 49 20 48 44 21
8 7 5 9 6 3 1 10 2 4
13 30 5 42 20 44 33 24 29 11 34 46 14 49 15 32 27 47 35 22 16 36 43 38 6 41 10 1 3 23 2 8 17 50 26 9 4 37 39 12 7 25 40 19 28 18 45 21 31 48
18 16 17 15 14 19 24 22 23 21 20 1 6 4 5 3 2 7 12 13 8 9 11 10
37 13 24 26 7 8 12 9 25 16 40 45 48 35 15 47 32 17 27 30 42 10 5 41 31 36 1 38 39 19 11 34 49 44 6 20 29 4 2 43 22 18 14 23 33 3 28 46 21 50
46 33 39 35 21 29 2 12 24 37 6 34 31 38 13 4 47 9 27 1 22 10 23 36 20 45 18 42 16 17 32 7 43 11 14 26 3 19 28 30 44 40 48 15 41 25 8 5
7 1 19 5 17 9 6 18 14 13 4 11 10 3 20 21 12 8 22 2 16 15
23 24 18 34 44 16 11 9 32 6 17 47 38 15 14 2 50 25 45 13 12 48 40 35 7 20 3 39 43 21 46 19 8 5 31 29 22 28 36 1 30 42 4 49 37 41 27 26 10 33
16 17 15 3 2 1 28 29 24 30 27 26 23 22 21 20 13 12 11 10 9 8 7 6 5 4 19 14 18 25
26 45 20 5 4 43 24 12 13 48 23 9 37 50 25 6 22 17 49 28 31 7 14 34 46 41 39 16 15 29 40 18 27 35 21 10 8 38 11 47 33 32 30 3 36 1 19 44 42 2
31 23 18 28 17 30 24 25 27 21 26 19 32 29 22 20 15 7 4 14 9 11 5 10 3 13 6 1 12 2 8 16 39 47 35 42 37 43 41 40 46 36 38 45 48 34 44 33 50 49
27 34 14 24 42 29 12 16 43 32 2 48 26 17 18 4 28 44 21 22 23 5 39 13 10 20 9 40 3 46 6 15 37 35 47 33 25 41 1 19 11 50 8 45 7 30 36 31 49 38
34 35 20 48 2 11 5 50 3 46 14 28 6 1 4 42 37 8 12 22 33 13 32 47 27 15 29 44 40 39 18 10 23 25 24 45 38 36 31 26 16 43 30 19 21 49 17 9 41 7
1 2 3 4 5 6 7 8 9 10 11 12 13 14 15 16 17 18 19 20 21 22 23 24 25 26 27 28 29 30 31 32 33 34 35 36 37 38 39 40
43 36 35 12 16 3 26 19 42 32 13 45 31 7 23 34 20 39 14 8 28 27 15 18 6 21 37 50 24 5 41 48 30 22 2 29 11 33 44 1 40 46 25 17 47 9 10 49 38 4
10 12 45 44 47 25 8 24 29 48 37 17 11 20 33 16 14 39 38 42 9 35 34 5 23 40 1 3 30 22 13 43 21 27 2 46 36 18 15 31 32 50 19 7 4 26 41 28 49 6
44 43 39 35 36 34 32 31 27 23 24 22 20 19 15 11 12 10 8 7 1 3 2 4 6 5 9 13 14 16 18 17 21 25 26 28 30 29 33 37 38 40 42 41 45 49 50 46 48 47
1 2 3 4 5 6 7 8 9 10 11 12 13 14 15 16 17 18 19 20 21 22 23 24
29 7 31 13 45 44 21 15 19 32 1 40 3 23 14 24 39 11 10 8 22 36 41 33 17 34 27 50 42 6 4 5 28 12 49 25 43 48 30 20 38 37 47 16 9 46 18 35 2 26
22 47 46 32 40 38 10 8 34 43 17 15 6 5 2 42 45 41 3 11 50 36 18 14 30 1 27 39 25 12 35 33 4 20 29 23 28 13 24 44 9 16 48 37 26 19 49 21 7 31
10 8 5 1 3 2 4 6 7 9
40 42 30 19 26 46 50 20 18 4 37 8 10 6 41 47 45 7 3 24 35 44 43 5 23 11 36 34 32 22 16 9 33 29 38 13 21 14 31 48 39 17 1 2 28 49 27 15 12 25
16 12 13 9 8 4 3 2 1 5 6 22 23 24 20 21 17 18 31 32 28 29 25 26 10 11 27 43 30 14 19 35 34 33 37 36 40 39 38 46 47 48 44 45 41 42 7 15
37 36 4 5 6 38 39 40 8 9 10 11 46 45 44 12 13 14 15 16 17 18 19 20 21 22 23 24 25 26 27 28 29 30 31 32 33 34 35 3 2 1 47 48 7 43 42 41
6 2 4 7 1 5 8 3
18 22 48 34 45 23 11 7 15 12 10 43 5 8 27 16 40 50 13 33 1 14 36 49 41 24 28 17 44 19 35 32 30 3 25 42 38 31 26 39 37 21 2 20 46 47 29 9 4 6
26 25 24 23 22 21 20 19 18 17 16 15 14 13 12 11 10 9 8 7 6 5 4 3 1 2 27 28 29 30 31 32 33 34 35 36 37 38 39 40 41 42 43 44 45 46 47 48
3 39 26 7 42 5 15 43 47 6 25 35 48 17 45 30 2 18 50 41 36 46 34 12 32 1 4 13 23 40 31 37 33 20 21 16 49 8 24 38 19 44 28 27 29 14 22 11 9 10
5 2 3 4 1 6
15 45 21 34 6 11 41 32 26 3 46 17 42 20 28 23 27 30 9 13 37 8 4 31 2 16 14 39 38 19 1 12 22 25 18 10 36 33 29 7 5 24 44 35 40 43
1 2 3 4 5 6 7 8 9 10 11 12 13 14 15 16 17 18 19 20 21 22 23 24 25 26 27 28 29 30 31 32 33 34 35 36 37 38 39 40 41 42 43 44 45 46 47 48
47 41 26 15 1 31 33 19 16 44 24 35 8 29 36 5 10 45 42 11 22 9 34 37 2 23 25 40 18 38 7 17 48 49 12 39 43 30 21 4 20 27 6 28 50 32 13 14 3 46
23 20 48 31 4 8 40 49 11 12 43 28 26 34 14 10 9 6 42 18 30 38 41 32 47 7 19 2 13 50 16 27 22 36 5 35 15 44 17 29 25 3 1 39 37 33 45 46 21 24
16 3 43 41 15 34 49 29 13 31 21 40 9 27 17 28 1 18 44 8 2 24 11 50 42 48 12 5 22 37 46 39 19 38 25 14 4 47 10 23 30 6 35 32 36 33 26 7 20 45
3 2 4 1
20 22 8 11 21 2 14 6 3 16 19 5 10 12 15 1 4 9 17 26 13 18 23 25 24 7
13 26 40 31 5 43 49 24 35 22 44 38 50 45 4 21 27 7 9 42 12 6 34 14 20 23 47 15 30 41 1 25 32 39 29 17 48 8 37 3 11 16 10 19 28 36 46 18 2 33
47 23 30 46 45 29 42 39 11 7 34 6 40 1 5 3 22 4 26 12 8 14 10 19 27 9 21 13 50 25 18 20 16 33 15 24 31 36 37 35 32 2 17 41 38 44 28 43 48 49
9 47 41 27 4 8 44 40 28 2 43 6 13 42 15 36 35 26 18 49 16 21 5 29 20 25 33 12 30 1 37 14 22 50 23 34 11 46 7 10 39 45 19 3 32 31 38 24 48 17
50 27 49 17 44 32 4 2 28 3 30 42 48 12 19 22 43 38 35 5 10 40 7 41 29 31 39 18 9 14 23 46 15 25 45 8 16 20 33 37 21 6 34 47 11 26 1 24 13 36
5 38 50 45 15 43 33 18 19 35 1 20 11 25 10 2 32 29 21 17 4 37 7 41 26 9 16 6 34 47 13 48 44 42 14 24 49 40 28 36 12 31 30 27 39 22 8 46 23 3
12 8 40 11 3 26 5 19 13 36 35 49 24 31 29 30 18 6 38 33 42 14 2 43 48 46 1 21 37 39 4 27 32 7 23 9 28 20 25 10 45 50 47 22 44 34 41 17 15 16
1 2 3 4 5 6 7 8 9 10 11 12 13 14 15 16 17 18 19 20 21 22 23 24 25 26 27 28 29 30 31 32 33 34 35 36 37 38 39 40 41 42 43 44 45 46 47 48
23 10 5 25 2 15 6 12 21 22 18 20 14 13 17 4 1 7 24 26 9 19 11 8 16 3
48 44 47 46 45 42 41 43 40 36 39 38 37 34 33 35 32 28 31 30 29 26 25 27 24 20 23 22 21 18 17 19 16 12 15 14 13 10 9 11 8 3 1 2 5 6 7 4
12 15 10 4 11 18 8 7 1 6 5 13 2 9 3 16 14 17
41 28 19 6 39 49 22 24 12 42 50 10 36 30 8 1 45 11 47 17 29 7 15 46 27 5 9 32 20 13 23 16 35 38 40 25 21 43 26 18 44 37 31 14 2 48 3 33 34 4
2 8 7 21 20 43 36 50 49 48 46 47 37 41 34 35 23 29 27 38 14 42 44 18 32 24 26 39 40 1 3 6 5 9 13 12 45 25 15 30 19 22 4 10 16 11 33 17 31 28
32 31 19 20 28 29 30 18 17 16 34 33 15 14 13 35 36 37 11 12 38 39 40 10 9 8 42 41 7 6 5 43 44 45 3 4 46 47 48 1 2 24 25 26 27 21 22 23
12 25 22 48 30 11 40 19 24 44 33 43 13 32 41 23 42 29 47 20 27 5 4 38 7 10 49 1 31 15 6 14 21 26 46 45 9 8 39 37 34 17 18 36 28 3 35 16 2 50
47 43 45 1 2 12 5 6 3 4 9 18 7 8 37 11 13 15 23 10 16 27 14 17 22 24 19 29 26 25 31 30 20 21 28 39 49 38 34 36 32 42 40 35 33 44 41 50 46 48
3 4 2 6 1 5
23 7 40 10 42 12 44 29 50 28 38 18 15 32 33 16 35 14 11 13 45 22 25 26 34 8 39 47 48 2 21 3 30 20 36 17 37 9 5 31 49 46 6 43 1 4 24 19 41 27
6 1 2 3 7 4 5 8
49 48 47 3 4 5 6 7 8 9 10 11 12 13 14 15 16 17 18 19 20 21 22 23 24 25 26 27 28 29 30 31 32 33 34 35 36 37 38 39 40 41 42 43 44 45 46 1 2 50
15 11 20 35 16 19 3 28 34 7 30 25 14 31 32 2 6 9 36 29 27 21 8 13 17 33 4 26 18 1 12 10 22 5 23 24
26 40 30 35 6 18 43 39 47 23 10 17 16 13 38 7 45 20 14 4 25 24 41 48 37 3 29 36 31 27 28 21 22 42 9 33 1 44 34 46 5 12 11 2 19 8 32 15
5 30 17 29 48 47 35 10 39 50 43 46 14 20 27 31 22 32 6 33 23 24 15 38 19 3 26 25 36 34 49 40 7 1 8 37 12 45 16 21 18 41 4 2 44 28 13 9 11 42
7 8 9 10 11 12 6 5 4 18 17 16 1 2 3 15 14 13
40 9 4 26 11 17 1 3 30 5 18 7 2 6 12 21 8 32 13 14 15 16 24 27 10 23 34 31 47 43 44 20 29 19 37 49 22 46 45 28 36 39 38 41 42 50 35 48 33 25
21 34 45 6 1 4 43 9 2 37 20 8 29 24 44 5 33 36 7 41 19 10 22 49 12 32 38 13 25 46 27 30 14 23 16 47 17 15 3 28 48 39 35 26 40 11 18 50 31 42
16 9 41 27 17 37 23 46 49 2 47 38 11 21 1 28 45 24 6 40 34 18 26 20 35 15 30 5 36 29 12 33 10 32 13 50 7 19 39 3 8 25 42 22 4 48 31 43 14 44
30 23 45 1 33 4 28 20 18 39 38 2 31 34 43 41 16 32 8 25 13 6 46 37 14 26 22 27 15 3 12 11 21 5 9 17 7 19 10 44 24 36 42 35 29 40
7 33 18 12 28 36 14 44 46 30 13 22 4 35 42 21 19 39 3 41 31 2 23 27 5 34 32 9 40 11 10 8 17 38 24 29 45 6 20 26 1 16 37 43 25 15
8 19 24 33 6 23 45 29 22 50 48 39 42 46 49 11 30 1 35 15 4 5 36 37 2 26 7 31 41 47 43 40 21 13 16 28 25 18 14 44 20 3 9 12 17 38 10 27 34 32
11 28 25 15 4 3 33 41 9 29 35 17 21 23 8 32 26 14 7 1 13 40 22 50 38 36 47 37 19 6 30 34 49 48 45 10 18 20 16 27 31 46 12 2 5 24 39 43 42 44
12 21 22 18 20 14 13 17 4 1 7 24 26 9 19 11 8 3 16 10 5 25 2 15 6 23
3 14 11 27 20 28 29 18 5 2 23 10 21 15 13 19 7 26 16 1 9 12 17 22 24 30 4 6 8 25
40 41 42 31 32 33 22 23 24 13 14 15 4 5 6 3 2 1 12 11 10 21 20 19 30 29 28 39 38 37 9 8 7 18 17 16 27 26 25 36 35 34 44 43
27 47 19 16 46 17 39 31 3 26 22 49 48 37 20 6 9 2 32 12 35 1 34 29 8 36 28 41 23 7 33 38 30 11 50 14 42 10 25 24 44 15 4 18 5 40 43 13 45 21
22 9 40 30 1 8 45 16 34 48 14 10 15 6 11 36 7 18 21 25 49 50 28 46 43 31 4 19 24 37 17 26 38 20 27 47 12 23 39 5 42 41 29 44 3 33 13 32 35 2
37 46 36 2 24 28 33 30 41 44 8 17 39 40 48 32 34 18 10 25 15 1 35 21 13 19 9 26 31 38 6 4 47 43 16 50 45 27 14 20 42 23 11 5 12 49 29 7 3 22
22 17 13 47 21 36 44 15 28 50 1 5 6 46 25 40 35 31 39 29 26 4 2 10 12 42 45 20 32 37 16 9 41 8 34 24 30 11 27 3 43 19 49 48 18 7 33 38 14 23
48 47 25 26 33 32 31 43 44 45 46 30 1 2 3 23 5 6 7 8 9 10 11 12 13 14 15 16 17 18 19 20 21 24 4 22 29 28 27 42 41 40 39 38 37 36 35 34 49 50
28 33 35 17 45 31 6 48 42 24 10 21 15 2 8 29 26 4 16 47 18 22 49 19 34 13 38 20 32 23 37 41 12 9 46 36 30 27 3 43 50 5 44 1 25 40 14 11 39 7
45 48 26 25 31 46 14 36 32 20 35 27 9 16 1 7 23 17 13 18 29 15 33 40 10 41 11 8 38 2 5 37 42 34 24 21 28 19 47 12 22 6 39 4 44 30 3 43
40 39 38 34 35 36 24 23 22 18 19 20 6 7 8 1 2 3 4 5 9 16 15 14 10 11 12 13 17 21 25 32 31 30 26 27 28 29 33 37 41 45 44 43 42 46 47 48
7 11 16 31 26 15 25 17 4 19 22 14 1 28 29 32 23 20 12 30 3 24 10 27 6 21 13 9 18 2 5 8
1 2 17 26 12 3 18 27 50 28 11 4 19 29 49 30 10 5 16 31 48 32 9 6 20 33 47 34 21 7 15 35 44 37 22 8 14 36 43 39 24 13 23 38 42 40 25 41 45 46
15 13 11 10 8 6 2 4 1 3 5 7 9 12 14 16
12 16 19 21 17 18 3 10 14 9 15 6 26 23 2 13 4 24 8 20 5 11 7 25 1 22
