25 14 7 5 1 46 17 21 33 49 44 11 28 31 36 15 27 48 18 9 4 35 19 3 20 22 34 2 16 0 29 26 6 40 41 30 42 13 24 10 37 12 38 32 8 45 23 47 39 43
36 30 49 4 14 17 21 38 45 40 15 7 25 6 39 8 3 1 23 28 10 37 20 16 46 43 32 22 27 48 31 12 11 29 41 9 42 5 47 13 44 26 2 19 0 34 18 24 33 35
32 5 35 7 19 23 36 1 24 45 31 38 8 39 37 15 29 0 22 20 10 21 42 49 16 4 25 3 34 14 47 43 18 30 40 27 6 9 2 33 48 12 41 44 26 11 28 13 46 17
4 21 13 22 5 9 16 19 23 17 2 3 10 14 12 7 15 6 1 11 8 20 18 0
11 2 45 0 21 20 27 24 22 8 43 35 5 40 38 6 18 30 33 10 23 9 14 25 17 39 3 34 28 13 36 19 46 4 44 32 7 16 37 15 41 47 1 12 42 31 26 29
40 43 42 47 44 45 46 39 38 41 36 37 34 33 32 35 30 31 28 27 26 29 24 25 22 10 13 5 2 3 4 7 6 12 18 19 16 15 9 21 20 23 1 0 14 17 11 8
43 33 22 25 34 14 26 10 1 37 4 8 28 27 36 44 39 31 0 13 42 35 41 9 19 20 21 6 49 38 2 11 3 46 17 45 32 7 5 30 47 15 29 40 12 23 24 48 18 16
33 37 28 22 42 31 14 39 12 0 19 21 11 47 40 46 34 24 16 4 8 38 44 29 41 48 18 15 5 23 13 35 30 17 36 9 6 2 43 20 32 3 1 10 27 25 7 26 45 49
0 1 2 3 4 5 6 7 8 9 10 11 12 13 14 15 16 17 18 19 20 21 22 23 24 25 26 27 28 29 30 31 32 33 34 35 36 37 38 39 40 41 42 43 44 45 46 47 48 49
10 6 13 2 0 18 20 3 4 19 24 21 23 11 1 17 25 7 12 9 16 5 8 14 15 22
9 10 15 34 17 6 48 29 31 22 24 18 27 39 36 13 21 8 35 37 47 14 4 49 26 30 16 3 19 33 28 41 23 0 12 44 32 43 7 2 1 25 38 46 20 11 5 45 42 40
5 3 7 33 30 38 14 12 16 39 49 29 22 26 23 24 21 27 25 20 28 0 1 45 40 43 13 10 15 35 32 34 18 44 41 42 17 11 19 48 46 47 8 2 9 36 31 37 6 4
6 33 21 35 23 34 40 27 0 18 14 15 41 22 5 30 36 17 1 2 11 16 9 29 25 10 20 37 46 24 3 26 12 45 48 47 31 32 4 13 38 8 44 7 49 42 39 19 28 43
41 34 1 17 14 22 19 48 38 12 13 46 25 24 4 16 36 5 47 27 0 8 49 30 2 6 15 7 43 35 9 31 3 37 26 21 18 10 42 11 33 28 32 29 39 23 40 44 45 20
45 21 27 36 35 46 32 40 9 24 38 17 44 13 26 15 2 0 42 22 48 23 29 20 1 4 10 8 6 18 16 47 19 14 7 41 11 25 12 43 39 5 34 37 31 30 33 49 3 28
14 7 22 16 27 21 25 0 20 34 43 15 5 29 23 2 11 39 24 49 28 9 13 31 19 30 12 6 44 47 18 3 46 33 37 48 10 26 38 41 4 1 35 36 42 17 32 45 8 40
48 0 34 41 42 38 15 33 40 17 29 9 46 10 32 25 27 6 43 20 35 37 22 36 26 39 21 5 16 30 8 19 31 49 12 1 18 14 28 3 13 47 7 4 24 11 23 44 45 2
10 33 45 39 7 48 36 16 14 0 40 4 1 21 35 5 24 31 8 49 3 2 12 42 17 25 28 34 11 47 23 22 46 13 20 32 44 37 38 30 29 19 26 6 43 27 18 15 9 41
27 19 7 12 47 15 46 8 30 39 32 4 48 3 49 6 0 40 44 22 21 29 45 2 11 34 23 5 38 1 25 13 35 24 41 14 18 42 37 36 9 26 10 33 20 16 17 43 28 31
5 2 4 0 3 1
18 0 24 9 25 23 16 21 13 17 28 1 6 20 10 11 14 27 2 7 8 15 26 3 29 4 19 5 12 22
7 28 20 37 48 31 30 22 2 23 24 15 38 35 34 17 36 12 45 8 16 14 47 46 18 5 32 44 40 3 26 27 25 29 49 1 39 6 33 11 10 42 0 13 43 41 21 4 19 9
48 46 44 43 41 39 36 34 32 31 29 27 24 22 20 19 17 15 12 10 8 7 5 3 0 1 2 4 6 9 11 13 14 16 18 21 23 25 26 28 30 33 35 37 38 40 42 45 47 49
19 14 21 12 23 10 25 8 27 6 29 4 31 2 33 0 1 32 3 30 5 28 7 26 9 24 11 22 13 20 15 17 16 18
3 9 6 11 0 10 8 5 7 1 4 2
36 37 38 40 41 47 44 42 43 9 7 1 2 4 5 6 8 11 10 12 15 22 24 0 3 45 46 39 33 34 16 14 13 19 18 17 23 20 21 27 26 25 31 28 29 35 32 30
49 0 1 2 3 4 5 6 7 8 9 10 11 12 13 14 15 16 17 18 19 20 21 22 23 24 25 26 27 28 29 30 31 32 33 34 35 36 37 38 39 40 41 42 43 44 45 46 47 48
43 44 18 31 33 7 1 45 35 49 21 20 28 4 39 37 24 6 12 29 23 8 3 32 41 10 0 17 34 9 36 16 38 25 46 11 42 30 13 15 26 47 14 40 27 2 19 48 22 5
12 7 4 6 9 14 1 8 3 2 15 0 13 16 18 19 11 5 17 10
21 47 27 49 30 41 22 13 44 34 40 18 15 24 20 11 31 19 36 1 16 14 35 12 5 9 26 29 7 10 4 37 8 25 0 3 17 6 23 28 32 39 2 38 42 45 43 33 48 46
26 41 13 35 23 12 8 6 25 14 17 44 46 40 1 19 48 18 28 9 15 45 21 31 30 0 2 42 32 5 3 16 24 36 34 4 29 33 11 38 39 22 20 10 43 7 47 49 37 27
30 31 5 49 17 26 44 20 42 47 24 48 34 40 35 32 3 10 19 38 29 8 7 21 14 15 25 13 9 6 12 1 2 43 0 18 46 16 11 41 28 4 45 22 36 23 39 33 27 37
16 26 33 17 11 15 35 25 43 13 19 34 8 49 40 42 37 24 14 23 36 28 0 27 21 3 44 6 47 12 48 5 18 2 4 22 20 1 45 38 10 46 30 39 31 29 32 41 7 9
12 32 25 8 9 7 31 2 41 18 24 42 45 15 21 34 27 26 11 38 0 1 6 36 43 3 44 5 28 35 20 29 39 33 22 40 16 30 10 14 19 23 37 13 17 4
4 29 26 5 14 11 34 1 39 10 9 37 28 6 21 0 40 18 23 2 38 20 33 22 7 32 35 19 41 25 15 13 12 17 8 16 27 36 3 31 30 24
3 47 44 6 7 49 48 23 22 28 29 2 10 18 45 41 9 8 43 42 21 20 30 46 17 33 32 15 35 34 1 0 13 12 38 39 11 4 5 16 14 36 37 40 31 19 25 24 26 27
10 8 25 29 18 24 30 42 41 43 7 44 14 27 47 45 48 21 1 40 20 36 3 19 39 35 28 49 26 13 31 2 12 5 9 6 33 17 11 38 46 22 32 37 15 0 4 34 16 23
0 1 2 3 4 5 6 7 8 9 10 11 12 13 14 15 16 17 18 19 20 21 22 23 24 25 26 27 28 29 30 31 32 33 34 35 36 37 38 39 40 41 42 43 44 45 46 47 48 49
0 1 2 3 4 5 6 23 22 18 21 19 32 7 35 39 33 24 37 43 45 10 34 25 49 16 11 9 15 31 42 46 17 26 48 30 14 8 13 47 20 44 12 29 27 28 38 41 36 40
31 9 48 36 4 18 39 27 25 37 35 33 14 12 46 13 6 16 20 2 3 38 5 19 41 28 0 1 49 29 26 21 10 23 7 17 15 11 43 47 40 30 34 44 8 24 22 45 32 42
13 42 38 19 20 47 27 45 48 26 3 35 36 24 9 46 31 6 29 25 17 33 40 14 4 5 12 10 22 43 32 30 44 11 1 41 49 39 7 34 16 0 2 15 23 21 28 18 37 8
4 3 5 0 1 2
48 23 16 39 37 25 18 29 6 45 14 30 22 0 34 46 20 10 43 49 5 31 15 2 42 38 44 47 27 40 3 32 24 21 36 13 28 26 35 41 19 7 8 12 4 17 11 9 1 33
