37 10 26 3 19 27 35 20 30 1 11 4 34 2 0 31 21 5 8 6 7 16 24 23 33 38 18 25 14 9 39 12 17 36 29 32 13 28 15 22
11 19 10 17 13 20 16 21 6 22 12 5 14 23 18 8 7 0 1 3 4 15 2 9
0 1 2 3 4 5 6 7 8 9 10 11 12 13 14 15 16 17 18 19 20 21 22 23 24 25 26 27 28 29 30 31 32 33 34 35 36 37 38 39 40 41 42 43 44 45 46 47 48 49
43 42 41 45 46 47 40 32 44 0 7 6 5 1 2 3 39 38 37 33 34 35 36 12 4 16 23 22 21 17 18 19 20 24 31 30 29 25 26 27 28 8 15 14 13 9 10 11
17 24 22 31 5 15 19 27 18 43 47 12 8 46 25 29 34 30 48 21 7 14 3 38 2 11 49 6 0 44 23 37 28 45 26 41 39 4 20 42 16 32 13 40 1 9 35 36 33 10
2 1 5 3 4 0
25 27 40 11 16 43 41 42 37 9 35 8 23 47 15 14 13 22 26 45 46 6 7 3 4 32 1 28 21 0 33 19 20 17 10 18 29 30 31 12 2 24 34 39 5 36 38 44
8 6 4 2 0 1 3 5 7 9
4 0 2 1 3 5
0 1 2 3 4 5 6 7 8 9 10 11 12 13 14 15 16 17 18 19 20 21 22 23 24 25 26 27 28 29 30 31 32 33 34 35 36 37 38 39 40 41 42 43 44 45 46 47 48 49
27 4 46 21 49 31 30 39 48 0 10 34 12 22 36 19 29 45 28 8 11 41 33 26 6 14 25 2 20 16 13 47 5 24 15 23 9 3 37 35 17 44 42 7 38 18 43 40 1 32
49 48 47 43 45 42 40 38 36 34 32 30 28 26 24 22 20 18 16 14 12 10 8 6 4 2 0 1 3 5 7 9 11 13 15 17 19 21 23 25 27 29 31 33 35 37 39 41 44 46
28 29 30 26 25 7 43 44 45 46 42 41 0 47 35 36 37 38 34 33 40 39 27 8 1 2 6 5 4 3 15 16 9 10 14 13 12 11 23 24 17 18 22 21 20 19 31 32
7 9 12 16 21 27 10 2 4 14 26 15 5 1 8 18 25 13 20 17 22 3 23 19 24 11 0 6
25 26 24 27 23 28 22 29 21 30 20 31 19 32 18 33 17 34 16 35 15 36 14 37 13 38 12 39 11 40 10 41 9 42 8 43 7 44 6 45 5 46 4 47 3 48 2 0 1 49
37 35 26 30 7 5 3 14 28 18 42 25 21 47 44 34 17 48 16 43 49 13 41 20 23 0 29 12 1 2 39 9 45 40 19 32 10 22 38 4 27 11 31 36 46 6 15 24 8 33
37 49 25 45 12 1 7 31 9 3 44 33 32 28 39 38 34 42 23 29 35 13 19 14 20 10 5 46 6 0 27 36 47 11 22 21 24 26 16 15 2 41 40 43 48 18 30 17 4 8
10 21 24 31 32 16 23 20 27 29 47 0 48 43 13 6 8 46 40 3 17 28 22 37 49 4 26 36 38 12 25 35 30 14 9 7 44 15 11 42 41 2 1 33 5 18 19 34 39 45
39 9 12 38 28 21 26 43 4 7 25 27 37 48 19 45 44 30 1 40 34 20 15 41 8 35 14 13 36 10 6 31 5 16 29 46 3 18 32 17 22 2 42 33 11 0 49 23 47 24
6 7 3 2 1 0 4 5 10 9 8 12 11 15 14 13
25 24 29 15 0 48 30 23 41 10 4 22 35 18 26 13 11 17 7 27 44 2 3 6 28 46 33 5 34 42 20 19 45 9 36 37 1 31 38 43 32 14 16 39 8 21 12 49 40 47
8 12 13 46 28 41 23 47 6 11 34 37 43 18 44 29 33 38 16 17 39 30 15 40 42 45 7 22 14 9 0 26 49 4 1 19 3 31 5 24 21 36 32 20 48 2 27 25 10 35
0 4 6 15 32 42 46 37 30 41 24 10 38 40 17 45 36 22 9 39 33 21 1 16 23 8 11 43 27 20 29 19 7 13 3 25 31 26 18 12 34 49 28 14 2 35 44 48 5 47
8 6 1 9 2 3 5 4 0 7
17 2 3 16 15 14 13 12 11 10 9 8 7 6 5 4 0 1 18 19
38 39 36 37 30 31 35 33 34 32 49 44 40 43 47 42 48 45 46 41 16 12 17 18 14 15 13 10 19 11 29 6 4 8 3 0 5 2 7 9 1 20 28 25 22 26 23 24 21 27
3 10 4 27 23 14 29 28 43 6 18 1 46 49 15 38 13 20 40 47 8 16 34 11 41 37 21 44 25 48 32 31 9 36 12 45 19 2 17 26 42 5 22 7 39 30 33 35 0 24
37 29 48 7 23 49 20 25 13 2 47 22 1 39 42 33 38 10 21 28 41 32 45 18 3 6 31 19 24 11 5 43 17 0 40 15 12 9 35 8 44 34 27 4 46 26 14 30 16 36
44 47 41 18 24 15 13 17 31 40 7 28 11 33 14 9 20 48 23 39 42 35 45 12 25 29 4 32 19 34 46 0 3 38 27 22 30 49 5 36 2 26 21 43 6 1 8 16 37 10
4 0 1 3 5 2
22 18 16 14 23 13 3 1 10 20 28 9 7 4 11 26 21 19 2 6 29 0 8 27 17 24 12 25 15 5
3 9 8 7 5 0 1 6 4 2
34 44 5 30 13 17 24 47 41 18 39 49 36 11 22 8 20 7 10 21 25 12 6 31 19 3 0 1 35 40 15 23 46 33 26 37 32 27 2 45 38 9 14 48 16 29 43 4 28 42
23 24 13 14 15 16 17 18 27 26 25 22 21 20 19 1 2 3 4 5 0 7 8 9 10 11 12 6
20 4 43 25 7 42 27 12 36 48 34 33 2 29 38 24 16 10 28 3 46 47 40 32 6 21 26 9 1 31 22 39 49 19 37 8 5 17 14 44 13 45 30 23 11 15 41 35 18 0
33 34 35 36 37 38 39 31 47 32 15 14 13 12 11 10 9 41 42 43 44 45 46 19 20 21 22 23 0 8 40 7 6 5 4 3 2 1 18 17 16 24 25 26 27 28 29 30
42 45 38 8 49 36 24 22 14 0 13 31 10 16 34 9 47 43 44 48 18 20 25 6 39 29 1 33 32 19 2 40 4 11 23 46 3 26 41 7 5 27 37 17 35 30 28 15 12 21
2 14 3 38 48 36 18 4 27 47 19 23 6 26 42 8 17 41 39 44 16 0 1 32 28 29 5 12 11 31 30 33 9 10 13 37 43 34 15 24 20 35 40 45 21 22 7 49 46 25
41 21 34 13 2 27 23 3 15 45 8 48 6 12 5 37 0 1 20 30 17 4 22 44 40 46 11 24 29 35 16 39 38 42 9 14 49 25 7 31 36 32 33 19 28 43 18 26 47 10
0 1 2 3 4 5 6 7 8 9 10 11 12 13 14 15 16 17 18 19 20 21 22 23 24 25 26 27 28 29 30 31 32 33 34 35 36 37 38 39 40 41 42 43 44 45 46 47
2 18 1 7 16 13 12 9 6 14 15 3 8 11 4 19 17 5 10 0
49 0 1 2 3 4 5 6 7 8 9 10 11 12 13 14 15 16 17 18 19 20 21 22 23 24 25 26 27 28 29 30 31 32 33 34 35 36 37 38 39 40 41 42 43 44 45 46 47 48
30 27 9 45 31 46 23 12 0 36 35 37 1 26 14 15 22 4 19 24 2 17 3 6 28 16 49 21 10 29 34 20 44 32 40 5 41 47 11 13 42 7 39 33 18 25 38 48 43 8
22 35 46 23 20 11 47 14 1 0 5 26 3 19 7 21 45 13 2 38 32 29 25 27 15 36 9 24 8 31 4 43 44 18 41 40 10 42 16 34 28 48 17 33 39 37 49 12 6 30
46 26 18 43 33 21 45 28 42 47 1 20 29 12 38 36 41 44 32 7 27 34 5 13 3 35 6 22 8 15 16 2 37 31 48 39 19 14 4 30 10 0 40 24 49 17 25 23 9 11
9 7 4 2 0 1 3 5 6 8
44 14 32 33 15 45 28 22 40 26 47 17 35 5 29 23 41 11 6 8 9 4 34 16 46 10 7 37 19 25 1 31 13 20 38 43 2 3 36 18 24 0 30 12 42 39 21 27
29 14 37 39 35 27 11 6 15 44 49 34 9 38 28 18 36 13 7 20 42 19 3 16 31 4 21 48 41 0 30 1 45 40 10 12 26 17 25 32 23 46 33 22 47 24 8 5 2 43
47 43 42 41 44 45 46 40 10 11 15 14 8 9 12 13 18 19 23 22 16 17 20 21 0 1 4 2 3 7 6 5 32 38 37 36 33 34 35 39 29 28 25 24 30 31 27 26
37 33 44 30 9 39 49 23 48 6 17 34 32 8 36 16 28 27 43 47 1 11 41 29 10 2 45 0 18 22 3 20 26 19 46 38 13 31 7 5 42 15 12 21 4 25 14 24 35 40
2 25 20 4 0 13 19 5 8 15 7 23 6 10 1 9 22 12 3 18 11 16 21 14 24 17
0 4 6 14 3 15 8 5 13 9 1 12 10 11 2 7
4 3 5 13 12 11 10 9 8 7 6 2 0 1 15 14 16 17 18 19
23 34 32 42 24 21 2 38 44 14 37 47 46 20 8 7 39 22 29 6 16 9 41 11 30 5 4 1 43 28 33 17 13 25 15 27 31 49 0 10 36 3 45 18 48 19 35 12 40 26
19 34 14 38 8 47 2 7 44 21 9 12 6 4 40 10 15 0 39 36 25 3 20 43 5 22 27 17 18 29 1 49 42 45 16 24 31 35 46 32 30 11 41 13 28 48 33 37 26 23
2 6 0 7 5 1 4 3 8 21 39 38 33 34 31 35 37 30 36 32 29 28 23 24 25 27 20 26 22 19 18 13 14 11 15 17 10 16 12 9 42 49 43 47 48 44 41 40 46 45
15 7 3 45 32 18 2 34 43 41 40 42 22 17 26 25 29 10 8 5 48 38 49 11 31 27 35 36 13 24 47 37 39 14 16 30 12 21 33 23 28 0 4 20 44 6 9 1 46 19
5 9 4 6 3 0 8 7 1 2
20 26 21 43 28 45 10 15 6 7 1 46 44 47 37 38 12 14 5 22 23 13 36 41 39 48 40 35 31 49 32 30 34 17 25 11 29 16 24 18 19 8 27 33 42 3 9 2 0 4
2 0 1 3 4 5
1 2 7 14 15 0 3 4 10 9 8 6 5 11 12 13
49 0 1 2 3 4 5 6 7 8 9 10 11 12 13 14 15 16 17 18 19 20 21 22 23 24 25 26 27 28 29 30 31 32 33 34 35 36 37 38 39 40 41 42 43 44 45 46 47 48
4 17 0 9 21 45 49 12 28 27 20 39 8 7 5 32 30 46 38 41 24 35 19 1 37 6 47 31 26 18 29 16 23 14 44 34 33 36 3 2 42 25 11 40 22 43 13 10 15 48
49 10 34 0 1 33 9 32 8 31 7 30 6 29 5 28 4 27 3 26 2 25 48 11 47 12 46 13 45 14 44 15 43 16 42 17 41 18 40 19 39 20 38 21 37 22 36 23 35 24
19 20 18 16 17 15 12 10 13 7 6 4 2 3 0 1 5 8 11 9 14 21
8 4 33 13 15 17 36 14 27 30 6 11 21 47 42 7 35 31 40 20 39 29 28 10 3 46 32 41 0 18 22 37 25 49 26 19 23 16 43 2 45 12 24 1 9 44 34 48 38 5
37 6 5 9 49 46 47 17 13 16 32 33 39 15 36 31 34 8 42 41 48 4 3 7 35 30 38 18 10 19 43 2 0 1 44 40 45 12 11 14 27 21 24 28 23 22 20 26 25 29
11 15 8 25 36 19 35 31 18 34 37 38 9 20 17 26 3 7 0 1 2 10 47 42 29 32 45 22 24 40 46 39 13 33 21 44 12 14 6 5 4 23 27 43 30 16 41 28
46 3 12 9 11 6 2 41 44 0 10 26 20 40 15 1 14 25 45 24 33 42 22 36 8 35 31 29 49 28 19 43 17 21 39 47 48 18 16 37 7 30 23 5 4 27 32 34 38 13
34 1 2 20 45 10 25 0 17 36 5 19 39 26 11 13 4 29 38 49 24 41 16 37 12 28 23 6 35 9 31 7 8 33 21 18 46 48 27 22 43 3 44 15 42 32 30 14 40 47
24 48 22 46 20 44 18 42 16 40 14 38 12 36 10 34 8 32 6 30 4 28 2 26 0 25 1 27 3 29 5 31 7 33 9 35 11 37 13 39 15 41 17 43 19 45 21 47 23 49
2 0 1 3
24 45 28 3 23 26 35 31 2 6 17 44 9 12 37 5 21 36 18 22 25 33 30 7 11 14 29 15 16 43 32 27 19 13 39 49 42 8 10 47 48 34 20 4 0 38 1 46 41 40
27 24 43 3 34 0 41 39 6 22 48 17 46 11 36 15 31 28 19 2 12 5 35 38 14 1 18 25 42 23 21 32 4 49 9 44 16 8 45 26 13 20 37 30 33 10 29 7 47 40
17 24 19 8 33 34 0 49 48 40 25 26 3 29 37 5 42 6 32 46 4 10 14 30 36 2 47 31 15 22 18 28 23 1 12 39 41 35 20 44 38 9 27 7 21 16 13 45 43 11
0 1 2 3 4 5 6 7 8 9 10 11 12 13 14 15 16 17 18 19 20 21 22 23 24 25 26 27 28 29 30 31 32 33 34 35 36 37 38 39 40 41 42 43 44 45 46 47
27 15 12 19 18 16 5 7 4 11 9 10 13 14 17 1 3 30 28 29 0 2 8 6 23 22 26 24 25 31 21 20
10 49 3 42 46 26 40 11 27 9 47 33 41 0 25 19 29 8 2 16 12 5 14 17 44 22 28 37 43 24 7 4 13 30 48 15 1 36 23 18 45 21 38 6 32 35 34 39 31 20
45 13 34 3 46 32 48 28 35 33 1 43 8 10 0 42 40 20 22 5 29 2 6 47 38 4 15 19 49 9 26 25 30 24 11 18 41 39 27 36 21 37 14 12 16 44 31 17 23 7
5 39 32 4 37 19 26 23 22 7 30 34 35 33 17 12 16 3 38 21 6 14 25 13 31 1 15 24 0 36 27 9 29 18 8 28 11 2 10 20