21 10 5 17 30 12 33 14 45 2 3 42 24 20 26 37 11 25 1 27 4 13 32 16 23 22 34 35 43 38 9 44 49 19 48 0 46 8 6 18 36 29 40 41 31 15 39 47 7 28
49 24 47 22 45 20 43 18 41 16 39 14 37 12 35 10 33 8 31 6 29 4 27 2 25 0 1 26 3 28 5 30 7 32 9 34 11 36 13 38 15 40 17 42 19 44 21 46 23 48
18 45 25 41 21 29 4 28 11 37 8 36 17 47 19 33 1 26 3 0 34 23 46 5 27 7 35 12 31 24 30 2 43 22 49 10 32 9 44 15 38 14 48 20 39 13 40 16 42 6
13 0 23 9 39 40 26 8 32 49 14 10 18 35 42 22 21 25 44 47 16 12 46 1 5 24 37 29 19 41 6 31 3 17 27 34 4 11 43 28 20 15 33 7 30 2 48 38 45 36
4 26 10 44 8 17 43 2 35 36 30 34 0 5 31 39 13 19 16 3 23 11 21 9 28 24 1 38 32 7 12 15 14 6 42 27 20 41 18 46 48 22 40 37 47 25 45 29 33 49
6 2 7 11 14 3 4 5 13 15 12 0 1 8 10 9
3 48 40 24 17 42 31 45 8 47 44 46 12 35 2 9 7 43 34 49 1 29 28 30 10 38 25 13 18 36 27 39 6 16 11 41 0 21 19 32 33 4 26 14 20 23 37 22 5 15
45 40 24 0 20 6 14 12 2 8 17 44 21 39 47 10 37 25 49 1 46 38 19 9 27 5 48 22 33 13 42 29 30 26 43 7 31 35 15 28 4 3 36 11 16 18 23 32 41 34
2 3 4 5 6 7 8 9 10 11 12 13 14 15 16 17 18 19 20 21 22 23 24 25 26 27 28 0 1 29
42 44 35 38 37 39 32 41 29 31 26 33 30 34 22 23 20 25 21 24 40 0 1 12 7 13 14 6 11 4 3 2 5 15 8 9 10 17 16 19 18 43 28 27 47 46 36 48 45 49
6 4 1 0 3 2 5 7
14 3 2 6 42 49 38 21 36 9 41 25 1 10 12 18 20 11 13 4 35 32 31 22 7 28 34 27 43 37 44 17 26 47 29 48 16 23 39 40 0 30 15 5 19 8 46 33 45 24
6 23 45 34 3 25 15 4 30 14 19 21 35 7 46 16 27 2 43 5 44 8 38 41 29 24 1 31 42 37 12 49 28 22 20 48 32 40 13 33 0 11 26 18 17 9 36 47 39 10
17 44 43 25 6 11 1 35 24 41 40 48 22 46 19 9 20 39 42 36 3 37 33 21 34 30 29 26 28 47 45 27 4 12 13 49 38 32 10 18 5 16 2 23 14 8 0 7 15 31
39 34 32 19 16 33 20 47 9 21 38 14 4 11 31 8 37 17 46 0 18 6 41 40 13 43 26 12 42 1 3 10 36 35 5 49 30 22 2 7 44 45 23 28 27 24 29 48 25 15
46 28 44 22 19 40 34 16 41 18 8 33 17 24 1 30 26 10 6 4 29 38 49 14 13 12 48 5 37 35 32 7 15 23 31 2 3 27 36 43 0 20 45 25 9 42 39 47 11 21
26 35 25 37 36 43 44 16 32 17 1 13 0 3 46 28 2 31 11 29 22 5 34 15 23 45 10 20 47 19 12 33 48 27 38 42 9 24 14 4 21 7 39 8 41 18 40 6 49 30
29 28 27 23 24 25 26 2 1 0 47 3 4 5 46 18 17 16 15 19 20 21 14 6 13 12 11 7 8 9 10 42 41 40 39 43 44 45 38 30 37 36 35 31 32 33 34 22
3 2 4 1 5 0
24 41 21 31 1 15 23 6 34 18 43 44 33 46 39 19 12 17 5 22 29 0 28 30 32 11 3 8 45 10 47 27 42 16 20 37 25 36 7 2 4 13 40 35 14 38 26 49 48 9
10 12 49 22 1 40 44 47 9 11 4 39 17 28 31 24 16 36 6 18 41 34 27 5 32 0 19 26 29 37 14 45 15 42 35 46 20 30 8 13 2 25 43 33 23 7 38 48 21 3
4 22 21 39 20 40 0 38 29 6 24 30 14 23 42 3 9 15 2 41 28 13 7 36 12 10 25 27 18 35 17 37 19 26 33 5 31 16 11 1 43 8 32 34
0 1 2 3 4 5 6 7 8 9 10 11 12 13 14 15 16 17 18 19 20 21 22 23 24 25 26 27 28 29 30 31 32 33 34 35 36 37 38 39 40 41 42 43 44 45 46 47 48 49
15 2 7 10 18 8 25 23 14 5 11 20 21 17 19 13 12 16 3 0 6 1 24 4 9 22
13 9 11 12 4 16 1 17 19 0 2 14 5 7 15 18 10 3 8 6
9 13 33 10 49 6 42 2 31 35 22 0 39 18 34 48 28 7 37 32 15 19 24 17 36 14 25 4 41 45 11 20 16 38 26 1 12 27 43 8 40 46 3 44 30 21 47 29 5 23
16 22 37 29 26 42 46 0 28 10 23 19 9 45 14 43 15 3 40 33 36 20 41 31 44 6 11 30 32 24 13 27 49 34 39 2 5 35 8 47 48 4 7 12 1 18 38 21 17 25
35 29 31 33 24 42 32 17 28 7 6 9 41 22 27 12 13 34 4 16 25 14 45 37 20 0 48 15 40 5 36 43 49 18 11 39 19 2 10 30 3 21 1 47 46 44 23 38 26 8
19 25 37 4 6 28 9 15 38 5 43 20 17 22 3 35 24 16 48 11 27 2 33 14 29 21 46 7 41 0 31 34 47 49 42 13 32 39 18 23 36 10 8 45 30 44 1 40 12 26
4 2 36 38 48 10 21 0 46 41 6 40 45 5 23 7 24 35 16 8 12 43 18 9 14 29 15 30 11 47 26 31 25 17 13 19 44 32 28 37 49 22 34 33 39 20 27 42 1 3
31 19 2 15 6 48 44 42 24 43 34 37 3 28 36 11 40 27 47 16 0 32 4 18 14 25 41 7 9 17 30 8 13 35 46 29 21 20 5 39 1 38 23 26 33 10 49 12 22 45
30 31 28 27 24 25 9 8 11 12 15 14 1 2 4 7 6 5 3 0 47 46 45 43 44 42 41 40 39 38 37 29 21 10 18 13 26 34 36 35 32 33 22 23 20 19 16 17
8 27 22 20 39 1 45 49 6 36 5 47 30 7 35 32 44 2 13 14 46 19 34 9 42 41 31 21 12 43 4 48 37 15 40 25 29 11 26 28 3 0 23 18 17 10 16 38 24 33
20 11 36 19 3 26 29 14 23 0 40 49 31 42 24 33 2 9 16 1 30 35 47 7 5 32 6 25 34 18 8 43 15 12 17 37 4 38 44 10 22 46 13 21 48 28 27 45 39 41
35 24 5 21 43 28 31 40 25 23 22 8 32 17 36 48 39 42 18 45 30 9 47 27 20 12 3 7 41 0 29 14 33 13 37 16 4 26 11 1 2 44 19 46 15 6 49 10 38 34
12 8 9 14 15 11 17 16 20 19 23 22 27 31 30 25 24 28 6 7 3 2 1 0 4 5 45 44 40 41 46 47 43 42 10 21 13 18 29 37 26 34 33 32 36 35 39 38
1 8 3 12 4 2 9 13 0 11 5 6 7 14 10 24 33 36 34 15 26 43 20 22 37 25 40 49 16 44 27 38 17 39 47 18 23 29 48 41 35 42 31 21 46 45 30 19 32 28
17 18 16 14 15 19 13 12 11 10 7 5 6 4 9 8 0 1 2 3 20 21 22 25 26 23 24 27 28 29
27 1 46 33 42 16 6 18 36 35 34 11 12 2 47 49 31 0 9 13 39 43 37 5 20 4 32 25 41 22 19 3 28 45 40 24 10 15 38 26 29 8 7 14 30 44 48 17 23 21
30 48 27 24 28 33 29 19 41 13 21 18 23 5 31 37 16 44 34 0 3 10 8 46 45 35 6 20 49 36 9 25 17 32 40 2 39 38 43 14 15 42 22 26 7 47 4 1 12 11
38 17 28 7 44 25 46 21 16 3 42 30 31 22 33 6 15 12 13 2 35 32 39 8 23 29 4 9 26 1 34 37 20 49 43 10 27 18 19 0 11 24 41 14 45 40 47 36 5 48
0 37 11 1 24 26 7 42 9 44 38 31 49 6 18 22 27 30 46 20 2 32 29 23 3 14 48 4 16 43 39 19 45 36 21 28 5 10 13 25 40 12 15 47 41 8 35 34 33 17
4 44 22 20 10 6 11 25 5 15 31 2 37 8 28 0 1 48 18 29 21 42 9 30 16 19 14 33 41 27 47 24 32 7 40 39 23 43 46 34 17 38 3 45 13 26 12 49 36 35
1 0 4 7 9 6 2 5 3 8
18 13 45 47 38 14 12 19 48 49 44 17 11 15 39 34 36 9 37 30 33 10 16 42 40 46 3 0 1 43 41 23 28 20 29 21 24 22 26 25 27 5 2 6 35 31 32 4 7 8
39 36 25 6 19 9 16 21 11 8 33 12 48 18 32 44 38 37 40 26 2 47 35 3 20 27 10 4 42 49 31 29 30 24 0 13 17 23 1 46 45 22 34 43 7 5 14 41 15 28
34 47 45 29 23 38 19 20 46 25 24 4 15 13 44 48 9 26 14 33 49 28 0 31 1 30 6 22 42 35 5 7 21 41 3 32 17 8 27 40 43 18 39 16 12 2 11 36 10 37
16 15 14 13 12 11 17 41 1 31 42 32 9 4 25 43 48 44 5 29 6 35 7 45 37 2 34 10 26 23 3 18 19 22 39 20 36 47 49 28 21 24 46 40 33 0 30 27 8 38
35 13 16 0 39 47 24 6 27 43 29 11 10 34 5 19 9 33 20 44 7 18 1 3 42 15 4 48 49 14 40 28 30 45 21 22 25 37 31 12 32 17 8 2 26 38 23 41 36 46
8 17 14 20 1 16 13 44 15 25 40 48 31 38 26 22 7 12 46 2 27 28 11 37 29 47 35 30 19 18 42 0 3 10 21 45 5 39 4 6 9 34 36 24 43 32 49 23 33 41
29 6 34 42 49 13 1 45 30 9 8 38 10 39 2 46 44 4 43 32 16 17 31 3 20 41 19 5 40 28 11 35 48 37 23 12 26 0 22 14 24 18 25 7 21 27 15 33 47 36
12 38 13 5 28 15 42 36 34 3 0 14 40 1 29 39 6 24 9 45 16 30 31 26 48 8 11 44 4 41 17 18 10 43 47 49 23 35 7 27 33 21 22 25 19 20 32 46 37 2
41 15 44 32 43 48 21 0 13 25 16 11 9 29 49 2 28 34 45 47 24 38 35 3 14 31 1 46 20 42 30 4 10 18 7 23 19 17 26 5 27 40 22 6 39 36 33 37 12 8
21 4 14 10 3 7 1 11 17 5 0 6 16 15 8 20 2 19 12 18 9 13
0 1 2 3 4 5 6 7 8 9 10 11 12 13 14 15 16 17 18 19 20 21 22 23 24 25 26 27 28 29 30 31 32 33 34 35 36 37 38 39 40 41 42 43 44 45 46 47
49 30 27 13 20 28 4 11 25 45 40 47 43 35 31 44 48 15 32 16 24 33 21 18 14 5 19 23 42 39 26 46 7 29 36 2 38 37 6 34 0 8 10 22 9 12 3 17 41 1
3 2 0 1
2 3 5 6 0 9 8 4 7 1
34 33 37 36 35 24 23 27 26 25 14 13 17 16 15 4 3 7 6 5 0 1 2 8 9 10 11 12 18 19 20 21 22 28 29 30 31 32 38 39 40 41 45 46 47 43 44 42 48 49
4 43 20 26 13 14 12 33 31 27 0 8 47 3 44 29 35 19 24 21 15 9 38 10 41 32 1 22 16 18 48 49 46 40 34 37 30 2 23 45 36 6 7 25 39 42 11 5 17 28
29 5 43 34 22 42 7 41 49 48 14 36 47 13 28 24 4 40 39 46 10 19 18 38 37 15 26 1 33 25 11 6 21 27 23 45 17 8 9 31 20 12 2 30 0 44 16 3 35 32
14 16 23 47 38 44 20 24 42 40 48 22 0 1 25 32 43 19 8 5 29 26 39 15 2 3 27 36 30 6 4 9 33 28 31 7 10 49 34 35 11 12 13 37 46 41 17 18 21 45
13 44 17 49 45 37 31 38 36 24 14 33 1 21 26 47 28 9 16 23 7 25 3 5 12 43 0 19 8 4 34 35 27 40 42 22 39 2 18 41 11 29 10 32 15 46 20 30 6 48
2 0 1 3
23 49 2 41 8 0 25 32 13 46 20 12 31 19 42 3 30 33 38 6 40 35 10 11 16 44 27 48 4 47 5 9 21 34 45 22 14 37 24 39 1 17 15 36 43 29 7 18 28 26
44 43 42 41 40 39 38 37 26 27 28 29 30 31 32 33 34 35 36 0 1 2 3 4 5 6 7 8 9 10 11 12 13 14 15 16 17 18 19 20 21 22 23 24 25 49 48 47 46 45
13 26 29 35 37 6 11 27 4 34 31 10 2 3 14 16 24 38 1 9 39 36 7 32 28 15 5 12 22 21 8 30 17 25 33 0 23 19 20 18
48 47 45 43 40 38 36 35 33 31 28 26 24 23 21 19 16 14 12 11 9 7 4 0 2 1 3 5 6 8 10 13 15 17 18 20 22 25 27 29 30 32 34 37 39 41 42 44 46 49
22 35 7 30 36 25 45 33 2 18 1 19 26 48 41 27 12 49 32 38 34 24 8 14 46 23 31 6 28 21 40 13 11 5 3 20 15 4 47 16 43 29 42 17 44 9 37 0 10 39
34 49 35 48 31 39 45 33 30 37 40 38 36 22 42 8 26 5 6 19 3 2 21 16 0 7 11 28 23 24 12 10 17 1 15 4 25 13 18 29 20 32 9 14 41 47 46 44 27 43
8 2 9 6 1 4 7 0 5 3
4 8 1 49 2 0 3 5 6 7 11 10 9 16 12 13 14 15 19 18 17 24 20 21 22 23 27 26 25 32 28 29 30 31 35 34 33 40 36 37 38 39 43 42 41 48 44 45 46 47
33 5 4 49 28 45 35 30 11 31 37 27 16 23 15 44 38 21 34 47 43 0 25 1 19 3 17 42 12 6 39 2 20 14 29 24 36 46 13 18 41 40 7 9 22 8 32 10 48 26
0 1 2 3 4 5 6 7 8 9 10 11 12 13 14 15 16 17 18 19 20 21 22 23 24 25 26 27 28 29 30 31 32 33 34 35 36 37 38 39 40 41 42 43 44 45 46 47
8 3 2 10 11 14 7 13 15 6 16 1 17 12 9 0 5 4
2 25 9 12 0 27 10 4 20 17 16 19 6 1 24 26 7 13 15 18 3 11 5 8 23 21 14 22
38 8 16 15 1 23 0 14 2 21 31 22 17 39 13 20 10 34 7 36 4 11 28 12 18 29 6 32 33 26 25 3 35 24 37 27 30 9 19 5
8 17 14 26 36 22 30 20 31 34 27 5 37 29 6 45 10 11 23 9 35 19 7 38 46 4 3 43 41 25 2 39 47 21 13 15 48 42 16 32 12 40 49 18 44 1 24 0 33 28
27 36 7 14 39 8 9 2 45 37 23 35 46 12 29 4 34 33 32 13 38 30 17 5 1 19 43 3 40 22 25 26 16 48 6 28 15 47 24 44 0 20 10 31 42 41 18 21 11 49
48 47 45 43 40 38 36 35 33 31 28 26 24 23 21 19 16 14 12 11 9 7 4 2 0 1 3 5 6 8 10 13 15 17 18 20 22 25 27 29 30 32 34 37 39 41 42 44 46 49
26 48 5 1 4 45 28 46 23 13 3 41 39 27 14 6 9 31 30 38 20 37 32 18 19 22 40 25 44 11 15 12 35 42 29 0 16 17 34 33 36 10 2 21 49 47 43 7 24 8
45 35 40 6 3 39 9 13 19 26 15 44 14 4 20 42 0 29 49 18 36 2 34 12 1 43 8 23 48 7 46 41 25 5 38 28 22 21 24 32 11 27 16 47 17 37 33 31 10 30
40 36 34 37 6 2 48 49 42 44 45 20 23 9 17 8 47 3 43 28 39 15 25 0 1 11 41 18 12 35 13 7 4 33 19 31 24 29 21 10 46 14 27 26 32 38 5 22 30 16
35 48 23 11 45 25 22 47 36 13 1 49 12 6 43 5 8 7 38 21 20 16 28 15 0 27 32 31 2 46 10 39 19 18 24 40 30 34 17 4 14 26 29 42 9 33 37 44 3 41
32 37 26 35 4 8 45 22 13 19 34 28 44 21 46 38 18 36 0 5 7 15 29 39 33 16 31 24 40 42 20 2 25 11 41 1 48 49 43 12 27 6 10 9 14 3 23 17 47 30
29 0 1 22 19 20 13 28 17 27 18 15 16 11 14 12 26 23 10 25 21 4 24 9 7 8 5 6 3 2
44 43 47 46 45 40 49 1 5 6 7 3 4 2 8 9 12 18 19 21 22 28 29 33 34 0 48 42 41 39 38 32 31 30 35 36 37 24 23 27 26 25 20 14 13 17 16 15 11 10
45 8 47 25 34 48 46 1 36 21 41 19 12 22 11 23 33 44 31 14 4 42 49 43 32 24 20 5 18 7 10 26 13 0 30 3 39 17 35 40 27 28 6 15 29 16 37 2 9 38
3 2 0 5 4 1
12 42 5 37 26 39 15 3 36 14 25 27 45 19 6 31 29 28 43 0 10 23 32 20 40 47 18 46 41 30 16 2 34 48 24 44 22 7 11 13 33 35 17 49 4 9 8 38 1 21
40 0 14 26 17 23 18 22 48 35 19 9 11 36 6 24 49 27 4 10 16 7 13 2 37 42 28 45 21 41 47 15 34 39 30 1 38 20 46 43 33 32 25 3 5 12 31 44 8 29
22 3 31 11 0 16 25 5 28 30 9 18 19 13 20 23 1 14 29 27 4 8 7 26 21 6 24 12 10 2 15 17
30 41 39 44 14 33 49 24 12 36 47 43 29 38 48 46 13 8 35 15 28 45 17 5 37 0 18 26 40 10 3 34 11 7 25 31 4 16 42 21 19 20 1 6 23 32 2 22 9 27
5 7 6 3 4 0 1 2
38 31 47 35 18 8 11 28 42 10 25 4 12 40 16 6 14 5 2 20 23 21 27 37 49 7 46 1 15 45 41 33 29 44 26 32 3 39 19 0 30 9 13 36 22 34 24 48 17 43
33 39 25 12 35 18 27 37 49 10 5 26 3 28 1 34 43 4 6 31 23 2 16 46 0 38 45 7 42 48 36 9 32 29 19 13 15 40 14 24 41 21 22 17 30 11 20 44 8 47
45 35 21 30 28 13 18 41 11 27 4 47 1 25 3 19 20 39 23 26 49 24 22 0 7 40 48 8 44 5 17 34 14 42 9 6 10 32 2 16 37 36 46 12 31 15 33 43 29 38
21 15 34 37 9 39 8 49 20 12 32 31 36 30 19 45 1 10 7 44 13 4 0 22 26 3 29 5 38 33 43 40 41 18 25 27 46 48 11 16 6 17 35 14 28 42 24 2 23 47
0 1 2 15 14 5 6 7 8 10 9 4 3 11 12 13
9 1 8 3 6 2 7 4 5 0
3 4 5 0 1 2 7 6
8 9 4 0 1 6 2 3 5 7
1 4 18 42 28 21 40 41 31 17 35 32 10 5 37 30 39 14 46 2 24 9 13 15 26 7 20 8 3 34 36 44 23 45 33 29 12 43 16 47 11 38 22 0 6 27 19 25
10 32 20 19 38 31 43 34 14 33 7 17 44 40 4 15 6 41 27 18 47 30 24 29 26 5 37 21 45 11 22 12 42 25 0 48 23 2 1 36 3 35 8 39 28 46 13 9 49 16
49 47 44 43 46 48 45 42 40 37 38 41 39 36 33 35 32 34 31 28 30 29 27 26 25 24 21 23 22 20 19 16 13 14 17 18 15 12 10 8 11 9 6 3 0 1 4 7 5 2
48 15 23 35 32 45 2 21 31 27 26 33 4 9 28 37 30 17 13 36 22 42 43 8 41 39 47 44 10 12 24 40 49 18 6 11 34 16 1 7 46 0 19 20 25 5 14 29 38 3
35 20 48 22 49 19 14 32 24 31 5 3 28 36 29 0 6 33 8 9 18 10 12 41 43 17 26 34 30 39 47 2 16 23 25 7 4 40 13 27 44 38 1 37 42 21 11 15 46 45
14 24 39 25 29 11 27 38 4 20 49 46 36 43 28 16 48 23 3 34 42 26 9 12 33 2 15 35 0 30 8 7 37 40 18 19 1 32 45 31 47 5 22 17 10 13 21 41 6 44
9 1 2 21 19 17 3 0 8 15 13 5 10 4 11 14 20 7 6 12 18 16
21 24 27 22 28 25 23 26 20 0 5 3 4 6 2 1 8 7 9 29 10 12 14 15 16 11 18 13 17 19 44 40 46 41 43 47 42 49 48 45 31 35 38 30 37 39 32 36 33 34
3 4 0 5 1 2
14 15 12 11 8 9 2 1 0 3 4 7 6 5 10 18 13 21 22 23 20 19 16 17
13 21 41 28 45 29 32 12 23 18 43 44 42 48 49 37 39 34 20 27 6 26 31 30 22 46 15 5 14 40 9 0 11 35 33 36 38 47 24 25 16 19 2 7 4 17 3 1 8 10
0 1 2 3 4 5 6 7 8 9 10 11 12 13 14 15 16 17 18 19 20 21 22 23 24 25 26 27 28 29 30 31 32 33 34 35 36 37 38 39 40 41 42 43 44 45 46 47 48 49
14 39 36 13 21 24 37 30 45 16 38 23 12 20 17 28 9 31 10 15 34 43 6 32 7 0 4 2 29 1 47 18 25 41 8 49 44 46 19 27 11 48 3 33 26 5 42 35 40 22
31 14 20 27 0 5 12 16 38 9 40 7 2 3 45 47 19 15 35 21 25 34 33 23 17 42 4 49 41 44 11 24 43 29 46 22 13 6 36 37 28 32 8 10 39 1 18 26 30 48
9 16 10 0 8 7 4 17 13 14 12 18 19 11 2 3 1 15 6 5
33 12 40 37 39 22 43 31 38 24 9 29 35 45 18 13 34 5 1 0 23 32 7 6 14 15 11 3 8 19 25 4 28 27 47 20 30 26 36 42 10 17 46 21 16 44 2 41
47 33 46 29 19 45 12 21 14 49 41 44 3 6 26 16 42 17 48 30 8 11 43 23 39 35 1 31 15 0 38 24 40 5 4 22 2 32 10 9 18 20 27 34 7 36 28 13 25 37
22 9 36 31 29 43 1 35 28 10 27 44 24 49 3 30 48 41 13 19 21 7 11 40 12 26 6 23 34 20 46 47 4 42 39 25 8 37 0 18 32 15 17 14 33 45 38 16 2 5
11 5 26 13 18 3 14 2 27 36 8 40 29 22 21 45 20 23 7 30 41 46 0 16 47 39 1 37 43 6 31 48 4 28 42 24 44 17 19 35 32 38 33 15 10 25 49 9 12 34
33 24 35 30 7 26 8 6 10 1 15 4 0 3 31 12 34 9 16 18 25 11 32 5 37 39 22 13 19 36 14 17 20 23 38 27 2 28 21 29
42 13 16 1 31 10 37 18 23 12 47 7 21 17 20 0 30 28 9 4 2 39 3 8 24 29 35 36 33 25 48 5 15 46 45 11 32 6 34 38 27 49 26 22 43 41 40 19 44 14
20 19 8 40 29 47 41 49 16 42 32 17 38 28 33 34 48 26 45 13 43 4 10 6 23 36 7 1 12 39 46 3 18 31 14 15 35 0 2 25 5 30 24 9 44 27 11 21 22 37
17 44 43 25 6 11 1 35 24 41 40 48 22 46 19 9 20 39 42 36 3 37 33 21 34 30 29 26 28 47 45 27 4 12 13 49 38 32 10 18 5 16 2 23 14 8 0 7 15 31
12 10 18 15 4 40 16 41 39 21 2 0 22 7 29 31 48 42 44 3 35 33 36 24 34 11 23 25 28 49 47 1 6 20 26 13 43 5 32 8 14 45 9 17 38 46 30 19 37 27
47 32 13 7 0 36 11 19 2 38 41 30 42 16 15 4 28 45 40 22 1 35 31 17 8 12 18 43 21 44 10 29 24 6 14 23 46 3 20 27 34 25 48 26 5 9 39 33 49 37
0 7 6 5 1 2 3 4 36 35 34 33 37 38 39 19 18 17 21 22 23 31 30 29 25 26 27 15 14 13 9 10 11 12 16 44 32 28 20 24 8 40 47 46 45 41 42 43
48 46 22 45 42 20 41 38 18 37 34 16 33 24 23 31 14 29 10 9 27 5 3 4 25 1 0 2 26 7 6 8 28 12 11 13 30 15 32 35 17 36 39 19 40 43 21 44 47 49
24 7 23 30 22 5 21 48 26 9 13 37 47 3 1 35 42 11 15 10 29 8 0 44 39 20 31 19 33 18 27 45 2 40 43 32 12 4 49 6 25 46 14 41 16 36 17 28 38 34
7 49 5 31 42 35 26 8 34 40 17 36 39 44 32 16 41 15 11 13 18 4 10 25 37 43 30 20 47 46 33 27 12 14 3 1 45 24 21 48 28 9 0 29 2 22 6 38 19 23
5 48 47 42 49 37 31 24 29 23 16 43 36 10 25 30 40 4 1 15 11 44 14 17 41 2 7 9 20 35 13 27 45 38 33 28 3 39 8 34 18 12 6 22 21 46 32 26 0 19
43 5 41 49 24 8 3 15 11 34 42 14 21 25 1 45 28 2 7 27 23 44 18 39 12 38 16 35 46 10 26 47 17 31 29 19 6 4 37 20 36 0 30 48 22 33 32 40 13 9
1 0 7 10 8 13 11 16 2 6 9 18 17 12 4 5 3 14 19 15
46 45 44 21 43 42 41 20 19 18 40 39 38 17 16 15 37 36 35 14 13 12 34 33 32 11 10 9 31 30 29 8 7 6 28 27 26 5 4 3 47 48 49 0 1 2 25 24 23 22
27 26 25 24 23 22 37 44 39 4 5 21 38 13 40 46 45 7 8 9 48 49 43 16 15 33 32 31 2 1 47 36 35 14 29 30 3 34 20 19 18 28 41 0 6 17 42 12 11 10
20 18 49 19 48 21 41 42 24 8 6 27 5 29 31 10 30 13 36 17 28 0 26 3 25 14 34 7 33 11 32 2 4 1 37 9 35 38 22 43 12 44 15 40 39 16 46 45 23 47
12 17 40 48 46 38 41 35 4 24 30 19 37 32 6 22 20 29 9 49 3 1 26 34 11 8 0 33 25 36 47 23 13 2 7 42 27 31 15 44 10 5 45 16 39 43 21 14 18 28
48 46 49 8 18 38 36 43 19 14 13 37 32 35 11 12 7 31 28 27 3 2 17 41 25 29 5 10 9 33 42 26 0 1 22 34 30 39 15 20 16 44 6 4 23 47 40 45 21 24
32 33 5 38 39 49 2 21 36 4 37 40 34 24 0 6 35 28 44 46 1 3 23 42 13 41 9 14 47 17 19 26 8 22 7 11 18 10 25 31 15 16 29 43 20 30 45 27 48 12
23 29 4 32 39 7 30 14 34 25 24 49 22 31 6 16 47 40 11 37 41 1 38 20 21 17 5 27 13 42 26 15 48 35 43 3 0 33 10 19 36 45 2 18 44 8 46 9 12 28
48 49 24 44 42 45 20 31 19 18 17 37 12 30 11 10 9 29 4 3 2 25 0 13 1 26 38 27 5 6 7 28 8 33 14 15 16 41 21 32 34 35 22 36 39 40 23 43 46 47
24 26 27 21 22 23 25 28 20 3 1 0 8 4 5 6 2 9 7 29 12 19 17 10 14 18 15 11 13 16 43 42 40 49 44 48 46 41 45 47 34 38 36 39 33 30 32 35 37 31
49 24 21 19 42 10 27 44 17 6 45 20 22 40 48 25 29 32 39 11 3 0 31 47 2 15 4 1 30 36 13 43 5 8 12 35 23 37 33 18 41 7 14 16 9 34 28 46 38 26
2 17 27 40 25 47 7 44 6 22 23 0 49 28 14 29 35 5 31 18 21 8 32 11 41 10 26 36 46 9 20 43 3 33 13 15 34 16 19 24 4 1 38 12 45 48 39 42 30 37
14 5 12 0 10 13 7 9 4 11 1 3 2 15 6 8
38 6 42 2 13 44 46 12 0 33 30 4 10 31 41 35 15 48 7 34 45 1 16 9 37 29 39 40 27 18 5 21 8 36 20 24 26 22 32 14 47 25 49 43 3 23 17 28 11 19
48 19 32 41 11 0 49 30 24 21 3 40 12 28 31 44 27 43 23 36 25 7 39 35 47 2 6 4 22 1 33 38 26 13 45 15 5 8 17 42 20 10 37 29 9 46 34 16 14 18
14 15 40 36 35 11 46 6 25 10 21 48 19 27 3 28 4 39 43 13 0 30 31 24 23 34 20 2 49 12 29 8 5 9 18 7 16 33 32 1 17 22 47 37 44 41 45 38 26 42
5 6 25 35 31 12 14 2 26 20 21 18 9 4 28 34 1 8 3 23 22 33 15 7 10 27 30 32 0 16 17 38 29 39 13 11 19 24 37 36
27 22 41 48 6 0 11 4 26 25 35 24 5 16 17 32 18 19 12 15 13 28 42 31 20 46 44 3 29 49 45 40 7 37 34 36 33 9 21 1 10 43 2 38 8 30 39 23 14 47
33 48 32 12 37 3 5 46 39 16 9 45 42 23 10 7 29 2 8 25 35 26 19 14 20 27 6 47 21 44 1 40 34 4 28 43 0 24 31 11 30 22 38 36 41 15 13 49 17 18
43 33 36 13 14 35 11 38 12 37 41 8 9 10 39 31 19 18 17 32 20 21 22 23 24 25 26 27 28 29 30 45 49 0 1 40 34 15 16 42 7 6 44 5 4 46 3 47 2 48
2 47 35 49 48 27 17 22 4 44 19 31 8 20 15 12 45 39 32 23 16 24 40 0 28 29 18 1 10 46 37 25 14 42 7 21 38 6 34 43 36 30 3 13 33 5 11 41 26 9
13 29 23 42 24 34 31 47 7 40 14 21 37 6 38 35 18 20 26 4 8 2 28 32 19 30 15 46 44 11 45 12 39 36 25 5 41 0 27 17 43 33 48 22 16 3 49 9 10 1
10 9 4 7 3 2 11 0 6 8 1 5
25 14 7 5 1 46 17 21 33 49 44 11 28 31 36 15 27 48 18 9 4 35 19 3 20 22 34 2 16 0 29 26 6 40 41 30 42 13 24 10 37 12 38 32 8 45 23 47 39 43
36 30 49 4 14 17 21 38 45 40 15 7 25 6 39 8 3 1 23 28 10 37 20 16 46 43 32 22 27 48 31 12 11 29 41 9 42 5 47 13 44 26 2 19 0 34 18 24 33 35
32 5 35 7 19 23 36 1 24 45 31 38 8 39 37 15 29 0 22 20 10 21 42 49 16 4 25 3 34 14 47 43 18 30 40 27 6 9 2 33 48 12 41 44 26 11 28 13 46 17
4 21 13 22 5 9 16 19 23 17 2 3 10 14 12 7 15 6 1 11 8 20 18 0
11 2 45 0 21 20 27 24 22 8 43 35 5 40 38 6 18 30 33 10 23 9 14 25 17 39 3 34 28 13 36 19 46 4 44 32 7 16 37 15 41 47 1 12 42 31 26 29
40 43 42 47 44 45 46 39 38 41 36 37 34 33 32 35 30 31 28 27 26 29 24 25 22 10 13 5 2 3 4 7 6 12 18 19 16 15 9 21 20 23 1 0 14 17 11 8
43 33 22 25 34 14 26 10 1 37 4 8 28 27 36 44 39 31 0 13 42 35 41 9 19 20 21 6 49 38 2 11 3 46 17 45 32 7 5 30 47 15 29 40 12 23 24 48 18 16
33 37 28 22 42 31 14 39 12 0 19 21 11 47 40 46 34 24 16 4 8 38 44 29 41 48 18 15 5 23 13 35 30 17 36 9 6 2 43 20 32 3 1 10 27 25 7 26 45 49
0 1 2 3 4 5 6 7 8 9 10 11 12 13 14 15 16 17 18 19 20 21 22 23 24 25 26 27 28 29 30 31 32 33 34 35 36 37 38 39 40 41 42 43 44 45 46 47 48 49
10 6 13 2 0 18 20 3 4 19 24 21 23 11 1 17 25 7 12 9 16 5 8 14 15 22
9 10 15 34 17 6 48 29 31 22 24 18 27 39 36 13 21 8 35 37 47 14 4 49 26 30 16 3 19 33 28 41 23 0 12 44 32 43 7 2 1 25 38 46 20 11 5 45 42 40
5 3 7 33 30 38 14 12 16 39 49 29 22 26 23 24 21 27 25 20 28 0 1 45 40 43 13 10 15 35 32 34 18 44 41 42 17 11 19 48 46 47 8 2 9 36 31 37 6 4
6 33 21 35 23 34 40 27 0 18 14 15 41 22 5 30 36 17 1 2 11 16 9 29 25 10 20 37 46 24 3 26 12 45 48 47 31 32 4 13 38 8 44 7 49 42 39 19 28 43
41 34 1 17 14 22 19 48 38 12 13 46 25 24 4 16 36 5 47 27 0 8 49 30 2 6 15 7 43 35 9 31 3 37 26 21 18 10 42 11 33 28 32 29 39 23 40 44 45 20
45 21 27 36 35 46 32 40 9 24 38 17 44 13 26 15 2 0 42 22 48 23 29 20 1 4 10 8 6 18 16 47 19 14 7 41 11 25 12 43 39 5 34 37 31 30 33 49 3 28
14 7 22 16 27 21 25 0 20 34 43 15 5 29 23 2 11 39 24 49 28 9 13 31 19 30 12 6 44 47 18 3 46 33 37 48 10 26 38 41 4 1 35 36 42 17 32 45 8 40
48 0 34 41 42 38 15 33 40 17 29 9 46 10 32 25 27 6 43 20 35 37 22 36 26 39 21 5 16 30 8 19 31 49 12 1 18 14 28 3 13 47 7 4 24 11 23 44 45 2
10 33 45 39 7 48 36 16 14 0 40 4 1 21 35 5 24 31 8 49 3 2 12 42 17 25 28 34 11 47 23 22 46 13 20 32 44 37 38 30 29 19 26 6 43 27 18 15 9 41
27 19 7 12 47 15 46 8 30 39 32 4 48 3 49 6 0 40 44 22 21 29 45 2 11 34 23 5 38 1 25 13 35 24 41 14 18 42 37 36 9 26 10 33 20 16 17 43 28 31
5 2 4 0 3 1
18 0 24 9 25 23 16 21 13 17 28 1 6 20 10 11 14 27 2 7 8 15 26 3 29 4 19 5 12 22
7 28 20 37 48 31 30 22 2 23 24 15 38 35 34 17 36 12 45 8 16 14 47 46 18 5 32 44 40 3 26 27 25 29 49 1 39 6 33 11 10 42 0 13 43 41 21 4 19 9
48 46 44 43 41 39 36 34 32 31 29 27 24 22 20 19 17 15 12 10 8 7 5 3 0 1 2 4 6 9 11 13 14 16 18 21 23 25 26 28 30 33 35 37 38 40 42 45 47 49
19 14 21 12 23 10 25 8 27 6 29 4 31 2 33 0 1 32 3 30 5 28 7 26 9 24 11 22 13 20 15 17 16 18
3 9 6 11 0 10 8 5 7 1 4 2
36 37 38 40 41 47 44 42 43 9 7 1 2 4 5 6 8 11 10 12 15 22 24 0 3 45 46 39 33 34 16 14 13 19 18 17 23 20 21 27 26 25 31 28 29 35 32 30
49 0 1 2 3 4 5 6 7 8 9 10 11 12 13 14 15 16 17 18 19 20 21 22 23 24 25 26 27 28 29 30 31 32 33 34 35 36 37 38 39 40 41 42 43 44 45 46 47 48
43 44 18 31 33 7 1 45 35 49 21 20 28 4 39 37 24 6 12 29 23 8 3 32 41 10 0 17 34 9 36 16 38 25 46 11 42 30 13 15 26 47 14 40 27 2 19 48 22 5
10 17 5 11 18 19 14 9 6 4 7 12 16 13 0 15 2 3 8 1
21 47 27 49 30 41 22 13 44 34 40 18 15 24 20 11 31 19 36 1 16 14 35 12 5 9 26 29 7 10 4 37 8 25 0 3 17 6 23 28 32 39 2 38 42 45 43 33 48 46
26 41 13 35 23 12 8 6 25 14 17 44 46 40 1 19 48 18 28 9 15 45 21 31 30 0 2 42 32 5 3 16 24 36 34 4 29 33 11 38 39 22 20 10 43 7 47 49 37 27
30 31 5 49 17 26 44 20 42 47 24 48 34 40 35 32 3 10 19 38 29 8 7 21 14 15 25 13 9 6 12 1 2 43 0 18 46 16 11 41 28 4 45 22 36 23 39 33 27 37
16 26 33 17 11 15 35 25 43 13 19 34 8 49 40 42 37 24 14 23 36 28 0 27 21 3 44 6 47 12 48 5 18 2 4 22 20 1 45 38 10 46 30 39 31 29 32 41 7 9
12 32 25 8 9 7 31 2 41 18 24 42 45 15 21 34 27 26 11 38 0 1 6 36 43 3 44 5 28 35 20 29 39 33 22 40 16 30 10 14 19 23 37 13 17 4
4 29 26 5 14 11 34 1 39 10 9 37 28 6 21 0 40 18 23 2 38 20 33 22 7 32 35 19 41 25 15 13 12 17 8 16 27 36 3 31 30 24
3 47 44 6 7 49 48 23 22 28 29 2 10 18 45 41 9 8 43 42 21 20 30 46 17 33 32 15 35 34 1 0 13 12 38 39 11 4 5 16 14 36 37 40 31 19 25 24 26 27
10 8 25 29 18 24 30 42 41 43 7 44 14 27 47 45 48 21 1 40 20 36 3 19 39 35 28 49 26 13 31 2 12 5 9 6 33 17 11 38 46 22 32 37 15 0 4 34 16 23
0 1 2 3 4 5 6 7 8 9 10 11 12 13 14 15 16 17 18 19 20 21 22 23 24 25 26 27 28 29 30 31 32 33 34 35 36 37 38 39 40 41 42 43 44 45 46 47 48 49
0 1 2 3 4 5 6 23 22 18 21 19 32 7 35 39 33 24 37 43 45 10 34 25 49 16 11 9 15 31 42 46 17 26 48 30 14 8 13 47 20 44 12 29 27 28 38 41 36 40
31 9 48 36 4 18 39 27 25 37 35 33 14 12 46 13 6 16 20 2 3 38 5 19 41 28 0 1 49 29 26 21 10 23 7 17 15 11 43 47 40 30 34 44 8 24 22 45 32 42
13 42 38 19 20 47 27 45 48 26 3 35 36 24 9 46 31 6 29 25 17 33 40 14 4 5 12 10 22 43 32 30 44 11 1 41 49 39 7 34 16 0 2 15 23 21 28 18 37 8
4 3 5 0 1 2
48 23 16 39 37 25 18 29 6 45 14 30 22 0 34 46 20 10 43 49 5 31 15 2 42 38 44 47 27 40 3 32 24 21 36 13 28 26 35 41 19 7 8 12 4 17 11 9 1 33
9 3 25 49 28 7 33 41 27 4 39 6 29 44 32 42 10 43 34 21 22 8 30 23 13 14 26 1 17 19 47 45 31 48 18 37 24 15 46 36 35 38 40 16 12 2 20 11 0 5
1 27 33 19 24 29 34 10 3 11 37 48 39 9 43 7 2 32 17 4 22 49 15 18 8 26 40 25 41 47 23 16 28 6 20 14 36 5 31 46 30 13 21 42 12 38 44 0 45 35
46 22 8 48 39 3 44 6 12 29 35 33 20 10 26 41 36 23 47 32 15 38 40 45 5 16 13 24 42 0 49 21 4 19 14 31 37 1 2 43 25 9 18 28 27 17 7 30 34 11
13 16 23 44 36 12 20 40 46 27 25 19 38 4 33 30 41 42 22 26 39 6 14 31 1 18 10 35 11 47 32 24 0 7 43 5 17 8 29 49 3 45 2 9 15 37 34 21 48 28
10 6 5 4 9 11 3 1 0 7 2 8
13 20 32 7 2 17 9 26 0 1 35 3 5 10 6 4 42 11 21 14 27 15 16 36 8 12 22 23 28 25 18 19 37 29 30 31 24 39 33 44 34 40 41 45 38 43 48 49 47 46
0 41 29 40 39 22 44 42 35 10 47 34 11 21 30 15 25 24 26 46 31 4 6 13 16 45 18 36 12 27 43 2 23 38 28 14 17 20 19 48 5 7 3 33 8 32 9 37 1 49
14 1 9 39 25 29 7 13 15 30 28 38 0 2 21 44 26 27 6 18 20 49 34 32 10 4 12 40 31 43 5 23 3 37 41 33 19 11 8 42 36 45 22 24 16 48 46 35 17 47
5 34 4 25 13 38 39 37 49 7 11 35 6 24 8 47 31 28 14 2 12 29 43 36 30 9 27 26 33 1 46 16 0 18 48 17 40 32 23 15 42 41 22 3 45 10 21 44 20 19
34 15 8 14 5 22 25 1 48 40 43 37 13 30 0 27 39 21 19 45 47 42 35 17 2 36 24 32 16 38 9 10 6 18 41 33 3 4 20 44 7 12 49 31 26 46 28 29 23 11
25 42 21 10 47 37 35 44 13 24 49 8 16 39 3 41 45 23 48 33 9 46 14 6 7 4 2 22 27 15 30 17 28 19 5 31 36 26 32 40 34 43 0 12 29 38 20 18 11 1
5 37 47 31 7 45 14 15 33 26 19 8 16 3 36 38 40 39 21 2 20 0 43 49 28 9 34 11 25 12 32 18 42 17 41 29 10 1 27 6 22 24 35 13 46 4 48 30 44 23
45 28 26 27 47 49 37 38 25 22 7 40 42 3 14 1 19 32 8 31 17 10 5 35 12 9 15 18 44 4 0 23 13 41 6 2 43 46 24 29 48 20 34 16 11 30 21 33 36 39
3 1 11 5 9 10 8 4 2 7 6 13 0 12
19 10 1 17 9 4 5 13 0 12 16 7 15 8 6 3 2 18 14 11
10 9 8 2 0 3 11 6 4 13 5 7 12 15 14 1
29 17 26 31 7 11 3 4 15 13 36 24 6 34 18 19 35 5 38 39 1 2 33 30 9 8 25 16 27 28 20 22 23 21 37 32 10 12 14 0
27 15 48 7 43 20 5 47 24 2 23 8 37 30 29 45 12 34 13 11 3 19 46 22 31 39 36 44 21 26 49 6 35 42 18 10 41 1 28 16 14 33 4 0 9 17 25 32 40 38
12 30 47 35 15 18 9 17 49 6 21 20 10 29 39 43 8 2 11 41 4 42 32 5 25 16 23 0 7 24 31 28 45 14 27 38 13 40 34 36 3 48 44 22 19 46 26 1 33 37
0 1 2 3 4 5 6 7 8 9 10 11 12 13 14 15 16 17 18 19 20 21 22 23 24 25 26 27 28 29 30 31 32 33 34 35 36 37 38 39 40 41 42 43 44 45 46 47
0 1 2 3 4 5 6 7 8 9 10 11 12 13 14 15 16 17 18 19 20 21 22 23 24 25 26 27 28 29 30 31 32 33 34 35 36 37 38 39 40 41 42 43 44 45 46 47 48 49
31 30 0 32 39 7 38 37 33 34 35 40 41 42 44 43 45 46 47 48 49 29 5 1 3 2 4 6 36 8 9 14 10 12 11 13 15 16 17 18 19 20 21 22 23 24 25 26 27 28
14 15 11 27 41 40 23 17 2 24 29 22 20 34 0 31 19 9 43 21 7 16 49 3 12 30 42 46 13 36 45 1 39 35 6 44 5 26 37 47 4 25 33 8 28 38 48 10 18 32
4 33 1 13 42 19 31 6 5 25 16 34 14 32 21 2 20 44 12 43 3 10 11 7 28 22 29 27 39 37 40 17 9 30 35 26 0 15 23 18 8 41 24 36 38 46 45 47
5 14 44 4 20 29 38 10 41 47 35 36 42 23 43 28 32 39 40 24 7 48 13 27 6 33 8 17 2 30 45 25 34 9 16 18 0 26 22 46 3 31 11 37 21 49 15 1 12 19
26 6 2 1 7 49 29 36 16 38 42 43 48 17 20 39 5 12 4 30 46 34 37 25 28 47 35 13 32 18 41 0 21 14 45 19 15 3 24 33 27 22 23 40 44 8 9 11 31 10
46 40 29 14 4 16 33 20 12 22 19 36 10 38 11 6 31 28 25 8 21 3 13 45 15 35 39 0 1 47 2 7 24 9 49 37 5 27 17 34 18 32 26 48 42 43 41 23 30 44
12 25 9 39 44 33 30 47 26 14 3 31 7 42 40 11 49 20 32 6 29 16 18 5 0 15 22 46 21 10 24 37 27 36 17 2 8 19 43 1 45 34 4 35 23 13 41 38 48 28
16 27 41 15 5 33 4 19 20 46 12 40 7 45 10 22 49 32 6 2 0 28 48 42 31 9 38 18 26 39 47 43 24 35 29 13 34 44 3 17 21 25 14 30 1 23 37 36 11 8
4 2 5 3 0 1
10 8 33 21 11 36 27 17 29 45 12 44 34 48 24 7 20 25 13 2 32 40 37 26 14 46 23 3 15 43 30 4 18 0 5 38 22 9 6 41 31 16 19 47 49 39 28 1 35 42
8 0 4 2 1 9 11 10 5 7 3 6
22 8 9 10 11 3 4 5 6 7 13 12 14 15 16 17 21 20 23 19 18 2 1 0
38 45 12 36 34 49 4 11 16 1 28 27 6 35 14 13 8 21 9 26 7 42 2 37 23 41 46 17 25 39 33 15 30 32 0 44 40 18 29 10 43 20 3 47 31 48 24 19 5 22
35 47 1 21 10 33 31 26 22 3 19 9 27 34 38 6 49 28 36 13 44 32 46 4 25 37 14 42 39 18 8 12 40 29 7 30 20 0 2 41 11 15 45 16 48 24 23 17 5 43
15 23 40 31 35 46 36 44 28 21 8 25 39 6 37 34 4 17 12 24 27 47 10 48 2 14 16 43 9 0 32 30 26 20 13 3 38 11 33 41 18 45 1 22 49 7 19 5 42 29
13 41 6 17 49 34 22 8 42 44 48 46 47 31 20 25 3 21 0 18 40 28 15 38 2 5 14 24 33 7 27 4 36 11 9 26 1 30 19 16 29 23 32 35 39 45 10 12 43 37
0 1 2 3 4 5 6 7 8 9 10 11 12 13 14 15 16 17 18 19 20 21 22 23 24 25 26 27 28 29 30 31 32 33 34 35 36 37 38 39 40 41 42 43 44 45 46 47
27 42 46 15 1 9 18 31 7 36 13 32 49 2 48 33 47 22 14 6 26 19 44 35 4 24 39 34 25 29 28 41 38 43 3 45 11 17 0 5 30 21 20 16 10 37 23 8 40 12
44 35 46 5 19 41 12 45 9 24 15 43 14 0 47 34 30 3 13 36 32 10 6 26 25 11 20 28 1 38 8 42 29 2 31 48 33 18 7 40 23 39 16 4 49 22 21 17 27 37
5 2 4 0 3 6 1 7
8 7 25 31 30 4 45 15 9 21 44 2 35 12 47 5 34 40 13 29 32 39 36 23 24 42 26 33 20 22 19 28 48 0 1 14 37 18 16 46 11 17 3 43 6 41 10 27 38 49
3 9 6 7 1 0 10 8 11 4 13 2 12 5
24 8 18 30 20 10 38 45 1 7 17 15 6 11 26 13 25 44 23 27 29 14 28 37 31 9 39 49 22 2 0 46 21 36 42 41 47 43 40 33 12 35 19 16 5 32 4 34 3 48
7 6 4 5 2 3 1 0
14 13 12 15 16 17 21 22 23 20 19 18 11 10 9 6 7 8 0 1 2 5 4 3 38 37 36 32 31 30 26 25 24 27 28 29 33 34 35 39 40 41 45 46 47 44 43 42
1 44 37 34 20 23 9 25 39 14 42 22 29 4 11 17 6 2 32 19 26 3 35 27 8 28 12 46 21 49 18 31 40 5 13 7 30 41 16 24 15 43 33 0 36 47 10 45 48 38
14 25 5 7 12 18 0 13 11 1 4 21 23 22 2 3 16 8 15 10 9 19 17 20 6 24
14 12 10 8 6 4 1 3 0 2 5 7 9 11 13 15
0 1 2 3 4 5 6 7 8 9 10 11 12 13 14 15 16 17 18 19 20 21 22 23 24 25 26 27 28 29 30 31 32 33 34 35 36 37 38 39 40 41 42 43 44 45 46 47
0 12 13 29 26 8 43 39 44 15 30 7 22 20 42 18 14 25 2 32 41 37 27 36 45 34 28 5 21 33 1 6 24 10 38 9 46 47 40 35 19 31 23 3 4 16 11 17
23 22 47 44 42 20 19 18 41 38 36 14 13 12 35 32 30 8 7 6 29 25 26 0 1 2 27 3 4 5 28 31 33 9 10 11 34 37 39 15 16 17 40 43 45 21 46 48 49 24
41 25 26 10 22 48 9 38 20 11 24 16 18 46 49 37 7 0 2 42 39 35 43 23 5 47 6 27 8 14 33 1 12 17 32 36 21 15 13 34 45 31 44 29 30 3 4 28 40 19
33 32 34 37 39 40 42 45 47 49 48 0 2 5 7 6 11 4 12 14 15 13 10 8 9 38 36 19 27 20 28 35 43 41 22 23 21 18 16 17 46 44 3 1 25 24 26 29 31 30
38 45 30 1 34 22 40 47 31 12 35 3 48 23 27 6 21 42 29 26 24 2 49 0 20 4 41 14 16 28 8 46 32 9 7 13 36 15 33 10 5 25 17 43 37 39 11 19 44 18
8 15 47 12 1 24 2 13 5 4 21 33 10 26 49 46 22 20 19 14 31 42 39 30 43 34 6 35 9 0 40 44 11 37 41 28 25 16 48 29 27 18 7 45 32 3 38 23 17 36
17 41 38 24 14 45 13 39 37 12 40 9 36 2 34 42 22 26 0 25 4 3 1 28 5 29 11 15 7 27 6 35 30 16 46 10 18 44 33 21 32 8 31 49 23 48 19 47 43 20
7 6 4 8 5 2 0 9 1 3
12 29 4 41 19 43 32 23 28 10 33 45 13 48 14 31 26 46 34 21 15 35 42 37 5 40 9 0 2 22 1 7 16 49 25 8 3 36 38 11 6 24 39 18 27 17 44 20 30 47
17 15 16 14 13 18 23 21 22 20 19 0 5 3 4 2 1 6 11 12 7 8 10 9
36 12 23 25 6 7 11 8 24 15 39 44 47 34 14 46 31 16 26 29 41 9 4 40 30 35 0 37 38 18 10 33 48 43 5 19 28 3 1 42 21 17 13 22 32 2 27 45 20 49
45 32 38 34 20 28 1 11 23 36 5 33 30 37 12 3 46 8 26 0 21 9 22 35 19 44 17 41 15 16 31 6 42 10 13 25 2 18 27 29 43 39 47 14 40 24 7 4
6 0 18 4 16 8 5 17 13 12 3 10 9 2 19 20 11 7 21 1 15 14
22 23 17 33 43 15 10 8 31 5 16 46 37 14 13 1 49 24 44 12 11 47 39 34 6 19 2 38 42 20 45 18 7 4 30 28 21 27 35 0 29 41 3 48 36 40 26 25 9 32
15 16 14 2 1 0 27 28 23 29 26 25 22 21 20 19 12 11 10 9 8 7 6 5 4 3 18 13 17 24
25 44 19 4 3 42 23 11 12 47 22 8 36 49 24 5 21 16 48 27 30 6 13 33 45 40 38 15 14 28 39 17 26 34 20 9 7 37 10 46 32 31 29 2 35 0 18 43 41 1
30 22 17 27 16 29 23 24 26 20 25 18 31 28 21 19 14 6 3 13 8 10 4 9 2 12 5 0 11 1 7 15 38 46 34 41 36 42 40 39 45 35 37 44 47 33 43 32 49 48
26 33 13 23 41 28 11 15 42 31 1 47 25 16 17 3 27 43 20 21 22 4 38 12 9 19 8 39 2 45 5 14 36 34 46 32 24 40 0 18 10 49 7 44 6 29 35 30 48 37
33 34 19 47 1 10 4 49 2 45 13 27 5 0 3 41 36 7 11 21 32 12 31 46 26 14 28 43 39 38 17 9 22 24 23 44 37 35 30 25 15 42 29 18 20 48 16 8 40 6
0 1 2 3 4 5 6 7 8 9 10 11 12 13 14 15 16 17 18 19 20 21 22 23 24 25 26 27 28 29 30 31 32 33 34 35 36 37 38 39
42 35 34 11 15 2 25 18 41 31 12 44 30 6 22 33 19 38 13 7 27 26 14 17 5 20 36 49 23 4 40 47 29 21 1 28 10 32 43 0 39 45 24 16 46 8 9 48 37 3
9 11 44 43 46 24 7 23 28 47 36 16 10 19 32 15 13 38 37 41 8 34 33 4 22 39 0 2 29 21 12 42 20 26 1 45 35 17 14 30 31 49 18 6 3 25 40 27 48 5
43 42 38 34 35 33 31 30 26 22 23 21 19 18 14 10 11 9 7 6 0 2 1 3 5 4 8 12 13 15 17 16 20 24 25 27 29 28 32 36 37 39 41 40 44 48 49 45 47 46
0 1 2 3 4 5 6 7 8 9 10 11 12 13 14 15 16 17 18 19 20 21 22 23
28 6 30 12 44 43 20 14 18 31 0 39 2 22 13 23 38 10 9 7 21 35 40 32 16 33 26 49 41 5 3 4 27 11 48 24 42 47 29 19 37 36 46 15 8 45 17 34 1 25
21 46 45 31 39 37 9 7 33 42 16 14 5 4 1 41 44 40 2 10 49 35 17 13 29 0 26 38 24 11 34 32 3 19 28 22 27 12 23 43 8 15 47 36 25 18 48 20 6 30
9 7 4 0 2 1 3 5 6 8
39 41 29 18 25 45 49 19 17 3 36 7 9 5 40 46 44 6 2 23 34 43 42 4 22 10 35 33 31 21 15 8 32 28 37 12 20 13 30 47 38 16 0 1 27 48 26 14 11 24
15 11 12 8 7 3 2 1 0 4 5 21 22 23 19 20 16 17 30 31 27 28 24 25 9 10 26 42 29 13 18 34 33 32 36 35 39 38 37 45 46 47 43 44 40 41 6 14
36 35 3 4 5 37 38 39 7 8 9 10 45 44 43 11 12 13 14 15 16 17 18 19 20 21 22 23 24 25 26 27 28 29 30 31 32 33 34 2 1 0 46 47 6 42 41 40
5 1 3 6 0 4 7 2
17 21 47 33 44 22 10 6 14 11 9 42 4 7 26 15 39 49 12 32 0 13 35 48 40 23 27 16 43 18 34 31 29 2 24 41 37 30 25 38 36 20 1 19 45 46 28 8 3 5
25 24 23 22 21 20 19 18 17 16 15 14 13 12 11 10 9 8 7 6 5 4 3 2 0 1 26 27 28 29 30 31 32 33 34 35 36 37 38 39 40 41 42 43 44 45 46 47
2 38 25 6 41 4 14 42 46 5 24 34 47 16 44 29 1 17 49 40 35 45 33 11 31 0 3 12 22 39 30 36 32 19 20 15 48 7 23 37 18 43 27 26 28 13 21 10 8 9
4 1 2 3 0 5
14 44 20 33 5 10 40 31 25 2 45 16 41 19 27 22 26 29 8 12 36 7 3 30 1 15 13 38 37 18 0 11 21 24 17 9 35 32 28 6 4 23 43 34 39 42
0 1 2 3 4 5 6 7 8 9 10 11 12 13 14 15 16 17 18 19 20 21 22 23 24 25 26 27 28 29 30 31 32 33 34 35 36 37 38 39 40 41 42 43 44 45 46 47
46 40 25 14 0 30 32 18 15 43 23 34 7 28 35 4 9 44 41 10 21 8 33 36 1 22 24 39 17 37 6 16 47 48 11 38 42 29 20 3 19 26 5 27 49 31 12 13 2 45
22 19 47 30 3 7 39 48 10 11 42 27 25 33 13 9 8 5 41 17 29 37 40 31 46 6 18 1 12 49 15 26 21 35 4 34 14 43 16 28 24 2 0 38 36 32 44 45 20 23
15 2 42 40 14 33 48 28 12 30 20 39 8 26 16 27 0 17 43 7 1 23 10 49 41 47 11 4 21 36 45 38 18 37 24 13 3 46 9 22 29 5 34 31 35 32 25 6 19 44
2 1 3 0
19 21 7 10 20 1 13 5 2 15 18 4 9 11 14 0 3 8 16 25 12 17 22 24 23 6
12 25 39 30 4 42 48 23 34 21 43 37 49 44 3 20 26 6 8 41 11 5 33 13 19 22 46 14 29 40 0 24 31 38 28 16 47 7 36 2 10 15 9 18 27 35 45 17 1 32
46 22 29 45 44 28 41 38 10 6 33 5 39 0 4 2 21 3 25 11 7 13 9 18 26 8 20 12 49 24 17 19 15 32 14 23 30 35 36 34 31 1 16 40 37 43 27 42 47 48
8 46 40 26 3 7 43 39 27 1 42 5 12 41 14 35 34 25 17 48 15 20 4 28 19 24 32 11 29 0 36 13 21 49 22 33 10 45 6 9 38 44 18 2 31 30 37 23 47 16
49 26 48 16 43 31 3 1 27 2 29 41 47 11 18 21 42 37 34 4 9 39 6 40 28 30 38 17 8 13 22 45 14 24 44 7 15 19 32 36 20 5 33 46 10 25 0 23 12 35
4 37 49 44 14 42 32 17 18 34 0 19 10 24 9 1 31 28 20 16 3 36 6 40 25 8 15 5 33 46 12 47 43 41 13 23 48 39 27 35 11 30 29 26 38 21 7 45 22 2
11 7 39 10 2 25 4 18 12 35 34 48 23 30 28 29 17 5 37 32 41 13 1 42 47 45 0 20 36 38 3 26 31 6 22 8 27 19 24 9 44 49 46 21 43 33 40 16 14 15
0 1 2 3 4 5 6 7 8 9 10 11 12 13 14 15 16 17 18 19 20 21 22 23 24 25 26 27 28 29 30 31 32 33 34 35 36 37 38 39 40 41 42 43 44 45 46 47
22 9 4 24 1 14 5 11 20 21 17 19 13 12 16 3 0 6 23 25 8 18 10 7 15 2
47 43 46 45 44 41 40 42 39 35 38 37 36 33 32 34 31 27 30 29 28 25 24 26 23 19 22 21 20 17 16 18 15 11 14 13 12 9 8 10 7 2 0 1 4 5 6 3
12 1 8 2 4 5 6 7 0 15 16 13 9 14 11 3 10 17
40 27 18 5 38 48 21 23 11 41 49 9 35 29 7 0 44 10 46 16 28 6 14 45 26 4 8 31 19 12 22 15 34 37 39 24 20 42 25 17 43 36 30 13 1 47 2 32 33 3
1 7 6 20 19 42 35 49 48 47 45 46 36 40 33 34 22 28 26 37 13 41 43 17 31 23 25 38 39 0 2 5 4 8 12 11 44 24 14 29 18 21 3 9 15 10 32 16 30 27
31 30 18 19 27 28 29 17 16 15 33 32 14 13 12 34 35 36 10 11 37 38 39 9 8 7 41 40 6 5 4 42 43 44 2 3 45 46 47 0 1 23 24 25 26 20 21 22
11 24 21 47 29 10 39 18 23 43 32 42 12 31 40 22 41 28 46 19 26 4 3 37 6 9 48 0 30 14 5 13 20 25 45 44 8 7 38 36 33 16 17 35 27 2 34 15 1 49
46 42 44 0 1 11 4 5 2 3 8 17 6 7 36 10 12 14 22 9 15 26 13 16 21 23 18 28 25 24 30 29 19 20 27 38 48 37 33 35 31 41 39 34 32 43 40 49 45 47
2 3 1 5 0 4
22 6 39 9 41 11 43 28 49 27 37 17 14 31 32 15 34 13 10 12 44 21 24 25 33 7 38 46 47 1 20 2 29 19 35 16 36 8 4 30 48 45 5 42 0 3 23 18 40 26
5 0 1 2 6 3 4 7
48 47 46 2 3 4 5 6 7 8 9 10 11 12 13 14 15 16 17 18 19 20 21 22 23 24 25 26 27 28 29 30 31 32 33 34 35 36 37 38 39 40 41 42 43 44 45 0 1 49
14 10 19 34 15 18 2 27 33 6 29 24 13 30 31 1 5 8 35 28 26 20 7 12 16 32 3 25 17 0 11 9 21 4 22 23
25 39 29 34 5 17 42 38 46 22 9 16 15 12 37 6 44 19 13 3 24 23 40 47 36 2 28 35 30 26 27 20 21 41 8 32 0 43 33 45 4 11 10 1 18 7 31 14
4 29 16 28 47 46 34 9 38 49 42 45 13 19 26 30 21 31 5 32 22 23 14 37 18 2 25 24 35 33 48 39 6 0 7 36 11 44 15 20 17 40 3 1 43 27 12 8 10 41
12 13 14 6 7 8 9 10 11 5 4 3 17 16 15 0 1 2
39 8 3 25 10 16 0 2 29 4 17 6 1 5 11 20 7 31 12 13 14 15 23 26 9 22 33 30 46 42 43 19 28 18 36 48 21 45 44 27 35 38 37 40 41 49 34 47 32 24
20 33 44 5 0 3 42 8 1 36 19 7 28 23 43 4 32 35 6 40 18 9 21 48 11 31 37 12 24 45 26 29 13 22 15 46 16 14 2 27 47 38 34 25 39 10 17 49 30 41
15 8 40 26 16 36 22 45 48 1 46 37 10 20 0 27 44 23 5 39 33 17 25 19 34 14 29 4 35 28 11 32 9 31 12 49 6 18 38 2 7 24 41 21 3 47 30 42 13 43
29 22 44 0 32 3 27 19 17 38 37 1 30 33 42 40 15 31 7 24 12 5 45 36 13 25 21 26 14 2 11 10 20 4 8 16 6 18 9 43 23 35 41 34 28 39
6 32 17 11 27 35 13 43 45 29 12 21 3 34 41 20 18 38 2 40 30 1 22 26 4 33 31 8 39 10 9 7 16 37 23 28 44 5 19 25 0 15 36 42 24 14
7 18 23 32 5 22 44 28 21 49 47 38 41 45 48 10 29 0 34 14 3 4 35 36 1 25 6 30 40 46 42 39 20 12 15 27 24 17 13 43 19 2 8 11 16 37 9 26 33 31
10 27 24 14 3 2 32 40 8 28 34 16 20 22 7 31 25 13 6 0 12 39 21 49 37 35 46 36 18 5 29 33 48 47 44 9 17 19 15 26 30 45 11 1 4 23 38 42 41 43
11 20 21 17 19 13 12 16 3 0 6 23 25 8 18 10 7 2 15 9 4 24 1 14 5 22
2 13 10 26 19 27 28 17 4 1 22 9 20 14 12 18 6 25 15 0 8 11 16 21 23 29 3 5 7 24
39 40 41 30 31 32 21 22 23 12 13 14 3 4 5 2 1 0 11 10 9 20 19 18 29 28 27 38 37 36 8 7 6 17 16 15 26 25 24 35 34 33 43 42
26 46 18 15 45 16 38 30 2 25 21 48 47 36 19 5 8 1 31 11 34 0 33 28 7 35 27 40 22 6 32 37 29 10 49 13 41 9 24 23 43 14 3 17 4 39 42 12 44 20
21 8 39 29 0 7 44 15 33 47 13 9 14 5 10 35 6 17 20 24 48 49 27 45 42 30 3 18 23 36 16 25 37 19 26 46 11 22 38 4 41 40 28 43 2 32 12 31 34 1
36 45 35 1 23 27 32 29 40 43 7 16 38 39 47 31 33 17 9 24 14 0 34 20 12 18 8 25 30 37 5 3 46 42 15 49 44 26 13 19 41 22 10 4 11 48 28 6 2 21
21 16 12 46 20 35 43 14 27 49 0 4 5 45 24 39 34 30 38 28 25 3 1 9 11 41 44 19 31 36 15 8 40 7 33 23 29 10 26 2 42 18 48 47 17 6 32 37 13 22
47 46 24 25 32 31 30 42 43 44 45 29 0 1 2 22 4 5 6 7 8 9 10 11 12 13 14 15 16 17 18 19 20 23 3 21 28 27 26 41 40 39 38 37 36 35 34 33 48 49
27 32 34 16 44 30 5 47 41 23 9 20 14 1 7 28 25 3 15 46 17 21 48 18 33 12 37 19 31 22 36 40 11 8 45 35 29 26 2 42 49 4 43 0 24 39 13 10 38 6
44 47 25 24 30 45 13 35 31 19 34 26 8 15 0 6 22 16 12 17 28 14 32 39 9 40 10 7 37 1 4 36 41 33 23 20 27 18 46 11 21 5 38 3 43 29 2 42
39 38 37 33 34 35 23 22 21 17 18 19 5 6 7 0 1 2 3 4 8 15 14 13 9 10 11 12 16 20 24 31 30 29 25 26 27 28 32 36 40 44 43 42 41 45 46 47
6 10 15 30 25 14 24 16 3 18 21 13 0 27 28 31 22 19 11 29 2 23 9 26 5 20 12 8 17 1 4 7
0 1 16 25 11 2 17 26 49 27 10 3 18 28 48 29 9 4 15 30 47 31 8 5 19 32 46 33 20 6 14 34 43 36 21 7 13 35 42 38 23 12 22 37 41 39 24 40 44 45
14 12 10 9 7 5 1 3 0 2 4 6 8 11 13 15
11 15 18 20 16 17 2 9 13 8 14 5 25 22 1 12 3 23 7 19 4 10 6 24 0 21
37 12 20 23 43 31 16 40 41 46 6 42 3 29 36 25 2 28 44 11 24 8 10 39 38 9 7 27 30 17 0 1 33 34 18 26 15 4 47 32 19 22 49 14 35 45 48 21 13 5
4 1 3 5 0 2
6 5 4 3 2 1 0 45 33 30 34 25 13 29 23 39 36 49 26 43 32 14 40 38 20 15 31 10 12 41 22 19 7 44 16 24 18 48 21 37 17 9 47 27 28 8 35 11 42 46
