11 39 29 38 26 35 49 31 20 12 1 13 44 2 27 10 23 18 43 17 15 9 22 30 6 16 8 24 36 46 41 14 21 19 34 4 5 7 0 42 40 48 28 25 45 37 33 47 32 3
0 1 2 3 4 5 6 7 8 9 10 11 12 13 14 15 16 17 18 19 20 21 22 23 24 25 26 27 28 29 30 31 32 33 34 35 36 37 38 39 40 41 42 43 44 45 46 47 48 49
34 13 46 9 8 11 12 10 7 16 38 41 18 33 20 29 40 21 6 22 2 42 17 30 48 14 44 5 37 15 0 26 39 1 49 31 25 43 27 32 4 3 28 47 45 36 19 24 35 23
2 10 30 49 15 20 39 31 26 7 21 18 14 32 13 42 8 29 0 3 44 48 9 1 19 37 46 36 22 12 33 43 45 35 41 25 17 4 16 34 47 11 24 27 38 28 23 6 5 40
28 29 30 1 38 37 36 13 49 22 17 18 16 14 32 31 11 35 34 33 12 47 48 21 3 23 15 2 27 0 41 42 43 44 45 46 6 7 8 9 10 19 5 4 20 39 40 26 25 24
8 27 39 0 26 3 32 33 20 22 38 10 21 43 49 1 46 48 9 37 11 31 23 19 2 40 16 41 35 25 28 6 36 4 24 13 34 15 18 29 30 5 14 42 45 12 7 17 44 47
48 47 45 43 40 38 36 35 33 31 28 26 24 23 21 19 16 14 12 11 9 7 4 2 0 1 3 5 6 8 10 13 15 17 18 20 22 25 27 29 30 32 34 37 39 41 42 44 46 49
1 24 34 36 44 48 15 9 26 6 2 47 5 22 14 31 49 38 23 33 3 28 25 11 40 42 10 8 20 30 4 7 16 19 0 35 43 41 18 17 32 45 37 13 12 21 39 27 46 29
0 44 20 1 8 22 48 16 7 21 3 24 26 34 35 11 43 19 12 42 9 14 40 2 6 29 10 49 4 47 31 46 33 18 13 39 30 37 38 15 45 28 25 32 27 5 17 41 23 36
47 32 40 49 44 38 41 33 31 27 29 36 7 43 2 26 11 30 17 19 6 16 28 25 20 12 3 13 42 0 8 10 23 15 9 24 14 4 22 1 18 5 34 37 45 46 48 21 35 39
49 44 35 5 20 39 47 36 48 46 32 40 11 28 30 24 2 29 9 17 12 4 18 19 38 6 26 41 16 3 14 43 13 15 33 42 34 7 10 45 27 25 22 31 37 23 0 8 1 21
49 42 41 40 39 38 37 36 35 34 33 32 31 30 29 28 27 26 25 24 23 22 21 20 19 18 17 16 15 14 13 12 11 10 9 8 7 6 5 4 3 2 1 0 43 44 45 46 47 48
23 21 19 17 15 13 11 9 7 5 3 0 2 1 4 6 8 10 12 14 16 18 20 22
0 2 6 5 1 4 3 7
30 29 25 10 38 35 16 6 28 3 23 45 24 42 44 31 17 36 22 2 12 37 7 11 18 39 34 41 5 4 9 26 49 33 0 47 21 20 27 8 13 40 46 43 15 32 14 19 48 1
0 1 2 3 4 5 6 7 8 9 10 11 12 13 14 15 16 17 18 19 20 21 22 23 24 25 26 27 28 29 30 31 32 33 34 35 36 37 38 39 40 41 42 43 44 45 46 47
48 46 44 42 40 38 36 34 32 30 28 26 24 22 20 18 16 14 12 10 8 6 4 2 0 1 3 5 7 9 11 13 15 17 19 21 23 25 27 29 31 33 35 37 39 41 43 45 47 49
30 16 33 2 22 44 7 25 23 5 14 6 18 40 41 38 27 0 42 34 29 35 48 4 20 26 39 12 19 36 43 45 3 10 1 32 47 21 31 49 46 17 24 13 11 8 9 15 28 37
16 29 32 23 30 9 37 25 40 21 12 34 11 48 47 7 20 22 36 26 1 0 49 13 45 19 18 15 3 33 38 41 46 5 44 42 2 17 8 24 35 14 28 31 27 10 6 39 4 43
33 22 34 35 11 37 30 10 45 5 26 24 3 6 17 39 25 29 13 21 20 36 0 2 1 12 41 18 16 28 8 7 32 47 14 44 42 43 27 19 38 23 4 31 46 15 9 40
16 14 17 37 13 23 46 1 15 41 4 42 48 25 8 33 36 45 12 30 5 27 44 19 0 32 35 2 18 28 40 49 26 38 9 6 3 20 22 10 34 7 11 39 43 21 24 31 29 47
12 34 38 27 20 4 8 14 18 0 33 17 16 15 31 45 39 21 24 36 9 41 43 35 30 47 46 40 6 25 13 7 26 37 29 19 44 32 49 1 23 22 48 11 42 10 5 28 2 3
39 38 26 18 24 6 42 37 23 25 28 13 16 17 12 15 9 4 0 30 49 35 40 34 31 21 1 3 5 19 33 14 27 48 20 36 29 46 22 11 43 32 44 45 8 10 41 2 7 47
8 3 4 28 23 21 26 24 22 29 27 25 20 18 16 9 7 14 10 15 13 11 6 5 0 1 2 12 19 17
9 21 27 49 31 30 15 11 42 45 46 28 22 16 1 13 24 29 26 14 36 12 0 34 32 7 23 17 39 2 19 43 8 3 6 5 47 44 40 4 41 10 25 37 18 48 35 38 33 20
42 20 28 46 18 24 33 10 47 45 40 39 35 23 11 4 3 2 1 7 26 5 12 14 41 0 29 48 32 15 27 36 17 6 25 22 34 49 19 8 43 44 38 37 21 31 30 16 13 9
2 0 1 3
0 1 2 3 4 5 6 7 8 9 10 11 12 13 14 15 16 17 18 19 20 21 22 23 24 25 26 27 28 29 30 31 32 33 34 35 36 37 38 39 40 41 42 43 44 45 46 47
3 1 2 18 10 19 5 7 0 15 12 17 8 16 13 14 6 4 9 11
13 12 25 24 23 8 7 6 19 18 17 2 0 1 14 15 16 3 4 5 20 21 22 9 10 11 26 27
38 2 24 25 0 47 16 14 32 42 3 22 15 17 28 27 33 8 20 23 9 34 44 39 30 49 5 31 19 21 26 36 6 41 10 4 48 43 11 35 13 45 18 40 37 7 1 46 12 29
6 23 28 32 46 16 35 12 40 29 10 49 1 41 14 34 42 25 43 39 7 37 47 33 21 4 36 17 26 15 38 18 9 5 0 22 19 3 48 27 24 8 2 44 30 13 45 31 11 20
3 0 7 9 2 1 8 4 5 6
31 48 40 44 22 14 4 19 33 13 21 23 35 7 27 46 41 25 29 5 3 10 1 45 20 38 24 36 2 26 49 18 0 6 39 37 42 16 34 15 11 17 28 43 9 47 30 32 8 12
26 1 9 21 38 7 16 13 11 35 41 3 17 4 27 48 40 32 23 15 19 5 47 49 2 8 33 24 14 42 31 22 43 0 45 25 18 36 46 37 12 30 29 10 44 39 6 28 34 20
20 19 18 14 16 17 22 21 23 24 26 27 46 45 44 3 5 2 6 8 11 12 15 13 33 34 31 40 37 39 10 7 9 25 28 29 30 35 32 36 38 41 42 43 47 4 1 0
43 31 45 24 5 7 29 23 41 37 16 27 14 44 10 9 19 33 4 2 42 35 15 18 40 30 22 17 25 20 39 6 26 28 1 12 0 47 49 21 36 8 32 11 38 3 13 48 34 46
4 2 0 1 3 5
43 42 41 34 47 48 49 2 3 4 5 6 7 8 9 10 11 12 13 14 15 16 17 18 19 20 21 22 23 24 25 26 27 28 29 30 31 32 33 0 1 40 39 38 37 36 35 46 45 44
33 29 28 27 23 20 24 13 38 15 31 26 22 42 34 8 1 41 43 45 3 6 11 5 18 35 44 2 16 4 17 21 25 12 37 40 9 36 10 7 30 0 19 39 14 32
