23 22 47 44 42 20 19 18 41 38 36 14 13 12 35 32 30 8 7 6 29 25 26 0 1 2 27 3 4 5 28 31 33 9 10 11 34 37 39 15 16 17 40 43 45 21 46 48 49 24
41 25 26 10 22 48 9 38 20 11 24 16 18 46 49 37 7 0 2 42 39 35 43 23 5 47 6 27 8 14 33 1 12 17 32 36 21 15 13 34 45 31 44 29 30 3 4 28 40 19
33 32 34 37 39 40 42 45 47 49 48 0 2 5 7 6 11 4 12 14 15 13 10 8 9 38 36 19 27 20 28 35 43 41 22 23 21 18 16 17 46 44 3 1 25 24 26 29 31 30
38 45 30 1 34 22 40 47 31 12 35 3 48 23 27 6 21 42 29 26 24 2 49 0 20 4 41 14 16 28 8 46 32 9 7 13 36 15 33 10 5 25 17 43 37 39 11 19 44 18
8 15 47 12 1 24 2 13 5 4 21 33 10 26 49 46 22 20 19 14 31 42 39 30 43 34 6 35 9 0 40 44 11 37 41 28 25 16 48 29 27 18 7 45 32 3 38 23 17 36
17 41 38 24 14 45 13 39 37 12 40 9 36 2 34 42 22 26 0 25 4 3 1 28 5 29 11 15 7 27 6 35 30 16 46 10 18 44 33 21 32 8 31 49 23 48 19 47 43 20
7 6 4 8 5 2 0 9 1 3
12 29 4 41 19 43 32 23 28 10 33 45 13 48 14 31 26 46 34 21 15 35 42 37 5 40 9 0 2 22 1 7 16 49 25 8 3 36 38 11 6 24 39 18 27 17 44 20 30 47
17 15 16 14 13 18 23 21 22 20 19 0 5 3 4 2 1 6 11 12 7 8 10 9
36 12 23 25 6 7 11 8 24 15 39 44 47 34 14 46 31 16 26 29 41 9 4 40 30 35 0 37 38 18 10 33 48 43 5 19 28 3 1 42 21 17 13 22 32 2 27 45 20 49
45 32 38 34 20 28 1 11 23 36 5 33 30 37 12 3 46 8 26 0 21 9 22 35 19 44 17 41 15 16 31 6 42 10 13 25 2 18 27 29 43 39 47 14 40 24 7 4
6 0 18 4 16 8 5 17 13 12 3 10 9 2 19 20 11 7 21 1 15 14
22 23 17 33 43 15 10 8 31 5 16 46 37 14 13 1 49 24 44 12 11 47 39 34 6 19 2 38 42 20 45 18 7 4 30 28 21 27 35 0 29 41 3 48 36 40 26 25 9 32
15 16 14 2 1 0 27 28 23 29 26 25 22 21 20 19 12 11 10 9 8 7 6 5 4 3 18 13 17 24
25 44 19 4 3 42 23 11 12 47 22 8 36 49 24 5 21 16 48 27 30 6 13 33 45 40 38 15 14 28 39 17 26 34 20 9 7 37 10 46 32 31 29 2 35 0 18 43 41 1
30 22 17 27 16 29 23 24 26 20 25 18 31 28 21 19 14 6 3 13 8 10 4 9 2 12 5 0 11 1 7 15 38 46 34 41 36 42 40 39 45 35 37 44 47 33 43 32 49 48
26 33 13 23 41 28 11 15 42 31 1 47 25 16 17 3 27 43 20 21 22 4 38 12 9 19 8 39 2 45 5 14 36 34 46 32 24 40 0 18 10 49 7 44 6 29 35 30 48 37
33 34 19 47 1 10 4 49 2 45 13 27 5 0 3 41 36 7 11 21 32 12 31 46 26 14 28 43 39 38 17 9 22 24 23 44 37 35 30 25 15 42 29 18 20 48 16 8 40 6
0 1 2 3 4 5 6 7 8 9 10 11 12 13 14 15 16 17 18 19 20 21 22 23 24 25 26 27 28 29 30 31 32 33 34 35 36 37 38 39
42 35 34 11 15 2 25 18 41 31 12 44 30 6 22 33 19 38 13 7 27 26 14 17 5 20 36 49 23 4 40 47 29 21 1 28 10 32 43 0 39 45 24 16 46 8 9 48 37 3
9 11 44 43 46 24 7 23 28 47 36 16 10 19 32 15 13 38 37 41 8 34 33 4 22 39 0 2 29 21 12 42 20 26 1 45 35 17 14 30 31 49 18 6 3 25 40 27 48 5
43 42 38 34 35 33 31 30 26 22 23 21 19 18 14 10 11 9 7 6 0 2 1 3 5 4 8 12 13 15 17 16 20 24 25 27 29 28 32 36 37 39 41 40 44 48 49 45 47 46
0 1 2 3 4 5 6 7 8 9 10 11 12 13 14 15 16 17 18 19 20 21 22 23
28 6 30 12 44 43 20 14 18 31 0 39 2 22 13 23 38 10 9 7 21 35 40 32 16 33 26 49 41 5 3 4 27 11 48 24 42 47 29 19 37 36 46 15 8 45 17 34 1 25
21 46 45 31 39 37 9 7 33 42 16 14 5 4 1 41 44 40 2 10 49 35 17 13 29 0 26 38 24 11 34 32 3 19 28 22 27 12 23 43 8 15 47 36 25 18 48 20 6 30
9 7 4 0 2 1 3 5 6 8
39 41 29 18 25 45 49 19 17 3 36 7 9 5 40 46 44 6 2 23 34 43 42 4 22 10 35 33 31 21 15 8 32 28 37 12 20 13 30 47 38 16 0 1 27 48 26 14 11 24
15 11 12 8 7 3 2 1 0 4 5 21 22 23 19 20 16 17 30 31 27 28 24 25 9 10 26 42 29 13 18 34 33 32 36 35 39 38 37 45 46 47 43 44 40 41 6 14
36 35 3 4 5 37 38 39 7 8 9 10 45 44 43 11 12 13 14 15 16 17 18 19 20 21 22 23 24 25 26 27 28 29 30 31 32 33 34 2 1 0 46 47 6 42 41 40
5 1 3 6 0 4 7 2
17 21 47 33 44 22 10 6 14 11 9 42 4 7 26 15 39 49 12 32 0 13 35 48 40 23 27 16 43 18 34 31 29 2 24 41 37 30 25 38 36 20 1 19 45 46 28 8 3 5
25 24 23 22 21 20 19 18 17 16 15 14 13 12 11 10 9 8 7 6 5 4 3 2 0 1 26 27 28 29 30 31 32 33 34 35 36 37 38 39 40 41 42 43 44 45 46 47
2 38 25 6 41 4 14 42 46 5 24 34 47 16 44 29 1 17 49 40 35 45 33 11 31 0 3 12 22 39 30 36 32 19 20 15 48 7 23 37 18 43 27 26 28 13 21 10 8 9
4 1 2 3 0 5
14 44 20 33 5 10 40 31 25 2 45 16 41 19 27 22 26 29 8 12 36 7 3 30 1 15 13 38 37 18 0 11 21 24 17 9 35 32 28 6 4 23 43 34 39 42
0 1 2 3 4 5 6 7 8 9 10 11 12 13 14 15 16 17 18 19 20 21 22 23 24 25 26 27 28 29 30 31 32 33 34 35 36 37 38 39 40 41 42 43 44 45 46 47
46 40 25 14 0 30 32 18 15 43 23 34 7 28 35 4 9 44 41 10 21 8 33 36 1 22 24 39 17 37 6 16 47 48 11 38 42 29 20 3 19 26 5 27 49 31 12 13 2 45
22 19 47 30 3 7 39 48 10 11 42 27 25 33 13 9 8 5 41 17 29 37 40 31 46 6 18 1 12 49 15 26 21 35 4 34 14 43 16 28 24 2 0 38 36 32 44 45 20 23
15 2 42 40 14 33 48 28 12 30 20 39 8 26 16 27 0 17 43 7 1 23 10 49 41 47 11 4 21 36 45 38 18 37 24 13 3 46 9 22 29 5 34 31 35 32 25 6 19 44
2 1 3 0
19 21 7 10 20 1 13 5 2 15 18 4 9 11 14 0 3 8 16 25 12 17 22 24 23 6
12 25 39 30 4 42 48 23 34 21 43 37 49 44 3 20 26 6 8 41 11 5 33 13 19 22 46 14 29 40 0 24 31 38 28 16 47 7 36 2 10 15 9 18 27 35 45 17 1 32
46 22 29 45 44 28 41 38 10 6 33 5 39 0 4 2 21 3 25 11 7 13 9 18 26 8 20 12 49 24 17 19 15 32 14 23 30 35 36 34 31 1 16 40 37 43 27 42 47 48
8 46 40 26 3 7 43 39 27 1 42 5 12 41 14 35 34 25 17 48 15 20 4 28 19 24 32 11 29 0 36 13 21 49 22 33 10 45 6 9 38 44 18 2 31 30 37 23 47 16
49 26 48 16 43 31 3 1 27 2 29 41 47 11 18 21 42 37 34 4 9 39 6 40 28 30 38 17 8 13 22 45 14 24 44 7 15 19 32 36 20 5 33 46 10 25 0 23 12 35
4 37 49 44 14 42 32 17 18 34 0 19 10 24 9 1 31 28 20 16 3 36 6 40 25 8 15 5 33 46 12 47 43 41 13 23 48 39 27 35 11 30 29 26 38 21 7 45 22 2
11 7 39 10 2 25 4 18 12 35 34 48 23 30 28 29 17 5 37 32 41 13 1 42 47 45 0 20 36 38 3 26 31 6 22 8 27 19 24 9 44 49 46 21 43 33 40 16 14 15
0 1 2 3 4 5 6 7 8 9 10 11 12 13 14 15 16 17 18 19 20 21 22 23 24 25 26 27 28 29 30 31 32 33 34 35 36 37 38 39 40 41 42 43 44 45 46 47
22 9 4 24 1 14 5 11 20 21 17 19 13 12 16 3 0 6 23 25 8 18 10 7 15 2
47 43 46 45 44 41 40 42 39 35 38 37 36 33 32 34 31 27 30 29 28 25 24 26 23 19 22 21 20 17 16 18 15 11 14 13 12 9 8 10 7 2 0 1 4 5 6 3
