21 10 5 17 30 12 33 14 45 2 3 42 24 20 26 37 11 25 1 27 4 13 32 16 23 22 34 35 43 38 9 44 49 19 48 0 46 8 6 18 36 29 40 41 31 15 39 47 7 28
49 24 47 22 45 20 43 18 41 16 39 14 37 12 35 10 33 8 31 6 29 4 27 2 25 0 1 26 3 28 5 30 7 32 9 34 11 36 13 38 15 40 17 42 19 44 21 46 23 48
18 45 25 41 21 29 4 28 11 37 8 36 17 47 19 33 1 26 3 0 34 23 46 5 27 7 35 12 31 24 30 2 43 22 49 10 32 9 44 15 38 14 48 20 39 13 40 16 42 6
13 0 23 9 39 40 26 8 32 49 14 10 18 35 42 22 21 25 44 47 16 12 46 1 5 24 37 29 19 41 6 31 3 17 27 34 4 11 43 28 20 15 33 7 30 2 48 38 45 36
4 26 10 44 8 17 43 2 35 36 30 34 0 5 31 39 13 19 16 3 23 11 21 9 28 24 1 38 32 7 12 15 14 6 42 27 20 41 18 46 48 22 40 37 47 25 45 29 33 49
6 2 7 11 14 3 4 5 13 15 12 0 1 8 10 9
3 48 40 24 17 42 31 45 8 47 44 46 12 35 2 9 7 43 34 49 1 29 28 30 10 38 25 13 18 36 27 39 6 16 11 41 0 21 19 32 33 4 26 14 20 23 37 22 5 15
45 40 24 0 20 6 14 12 2 8 17 44 21 39 47 10 37 25 49 1 46 38 19 9 27 5 48 22 33 13 42 29 30 26 43 7 31 35 15 28 4 3 36 11 16 18 23 32 41 34
2 3 4 5 6 7 8 9 10 11 12 13 14 15 16 17 18 19 20 21 22 23 24 25 26 27 28 0 1 29
42 44 35 38 37 39 32 41 29 31 26 33 30 34 22 23 20 25 21 24 40 0 1 12 7 13 14 6 11 4 3 2 5 15 8 9 10 17 16 19 18 43 28 27 47 46 36 48 45 49
6 4 1 0 3 2 5 7
14 3 2 6 42 49 38 21 36 9 41 25 1 10 12 18 20 11 13 4 35 32 31 22 7 28 34 27 43 37 44 17 26 47 29 48 16 23 39 40 0 30 15 5 19 8 46 33 45 24
6 23 45 34 3 25 15 4 30 14 19 21 35 7 46 16 27 2 43 5 44 8 38 41 29 24 1 31 42 37 12 49 28 22 20 48 32 40 13 33 0 11 26 18 17 9 36 47 39 10
17 44 43 25 6 11 1 35 24 41 40 48 22 46 19 9 20 39 42 36 3 37 33 21 34 30 29 26 28 47 45 27 4 12 13 49 38 32 10 18 5 16 2 23 14 8 0 7 15 31
39 34 32 19 16 33 20 47 9 21 38 14 4 11 31 8 37 17 46 0 18 6 41 40 13 43 26 12 42 1 3 10 36 35 5 49 30 22 2 7 44 45 23 28 27 24 29 48 25 15
46 28 44 22 19 40 34 16 41 18 8 33 17 24 1 30 26 10 6 4 29 38 49 14 13 12 48 5 37 35 32 7 15 23 31 2 3 27 36 43 0 20 45 25 9 42 39 47 11 21
26 35 25 37 36 43 44 16 32 17 1 13 0 3 46 28 2 31 11 29 22 5 34 15 23 45 10 20 47 19 12 33 48 27 38 42 9 24 14 4 21 7 39 8 41 18 40 6 49 30
29 28 27 23 24 25 26 2 1 0 47 3 4 5 46 18 17 16 15 19 20 21 14 6 13 12 11 7 8 9 10 42 41 40 39 43 44 45 38 30 37 36 35 31 32 33 34 22
3 2 4 1 5 0
24 41 21 31 1 15 23 6 34 18 43 44 33 46 39 19 12 17 5 22 29 0 28 30 32 11 3 8 45 10 47 27 42 16 20 37 25 36 7 2 4 13 40 35 14 38 26 49 48 9
10 12 49 22 1 40 44 47 9 11 4 39 17 28 31 24 16 36 6 18 41 34 27 5 32 0 19 26 29 37 14 45 15 42 35 46 20 30 8 13 2 25 43 33 23 7 38 48 21 3
4 22 21 39 20 40 0 38 29 6 24 30 14 23 42 3 9 15 2 41 28 13 7 36 12 10 25 27 18 35 17 37 19 26 33 5 31 16 11 1 43 8 32 34
0 1 2 3 4 5 6 7 8 9 10 11 12 13 14 15 16 17 18 19 20 21 22 23 24 25 26 27 28 29 30 31 32 33 34 35 36 37 38 39 40 41 42 43 44 45 46 47 48 49
15 2 7 10 18 8 25 23 14 5 11 20 21 17 19 13 12 16 3 0 6 1 24 4 9 22
18 15 6 0 2 1 17 19 4 10 8 3 5 7 14 12 16 13 11 9
9 13 33 10 49 6 42 2 31 35 22 0 39 18 34 48 28 7 37 32 15 19 24 17 36 14 25 4 41 45 11 20 16 38 26 1 12 27 43 8 40 46 3 44 30 21 47 29 5 23
16 22 37 29 26 42 46 0 28 10 23 19 9 45 14 43 15 3 40 33 36 20 41 31 44 6 11 30 32 24 13 27 49 34 39 2 5 35 8 47 48 4 7 12 1 18 38 21 17 25
35 29 31 33 24 42 32 17 28 7 6 9 41 22 27 12 13 34 4 16 25 14 45 37 20 0 48 15 40 5 36 43 49 18 11 39 19 2 10 30 3 21 1 47 46 44 23 38 26 8
19 25 37 4 6 28 9 15 38 5 43 20 17 22 3 35 24 16 48 11 27 2 33 14 29 21 46 7 41 0 31 34 47 49 42 13 32 39 18 23 36 10 8 45 30 44 1 40 12 26
4 2 36 38 48 10 21 0 46 41 6 40 45 5 23 7 24 35 16 8 12 43 18 9 14 29 15 30 11 47 26 31 25 17 13 19 44 32 28 37 49 22 34 33 39 20 27 42 1 3
31 19 2 15 6 48 44 42 24 43 34 37 3 28 36 11 40 27 47 16 0 32 4 18 14 25 41 7 9 17 30 8 13 35 46 29 21 20 5 39 1 38 23 26 33 10 49 12 22 45
30 31 28 27 24 25 9 8 11 12 15 14 1 2 4 7 6 5 3 0 47 46 45 43 44 42 41 40 39 38 37 29 21 10 18 13 26 34 36 35 32 33 22 23 20 19 16 17
8 27 22 20 39 1 45 49 6 36 5 47 30 7 35 32 44 2 13 14 46 19 34 9 42 41 31 21 12 43 4 48 37 15 40 25 29 11 26 28 3 0 23 18 17 10 16 38 24 33
20 11 36 19 3 26 29 14 23 0 40 49 31 42 24 33 2 9 16 1 30 35 47 7 5 32 6 25 34 18 8 43 15 12 17 37 4 38 44 10 22 46 13 21 48 28 27 45 39 41
35 24 5 21 43 28 31 40 25 23 22 8 32 17 36 48 39 42 18 45 30 9 47 27 20 12 3 7 41 0 29 14 33 13 37 16 4 26 11 1 2 44 19 46 15 6 49 10 38 34
12 8 9 14 15 11 17 16 20 19 23 22 27 31 30 25 24 28 6 7 3 2 1 0 4 5 45 44 40 41 46 47 43 42 10 21 13 18 29 37 26 34 33 32 36 35 39 38
1 8 3 12 4 2 9 13 0 11 5 6 7 14 10 24 33 36 34 15 26 43 20 22 37 25 40 49 16 44 27 38 17 39 47 18 23 29 48 41 35 42 31 21 46 45 30 19 32 28
17 18 16 14 15 19 13 12 11 10 7 5 6 4 9 8 0 1 2 3 20 21 22 25 26 23 24 27 28 29
27 1 46 33 42 16 6 18 36 35 34 11 12 2 47 49 31 0 9 13 39 43 37 5 20 4 32 25 41 22 19 3 28 45 40 24 10 15 38 26 29 8 7 14 30 44 48 17 23 21
30 48 27 24 28 33 29 19 41 13 21 18 23 5 31 37 16 44 34 0 3 10 8 46 45 35 6 20 49 36 9 25 17 32 40 2 39 38 43 14 15 42 22 26 7 47 4 1 12 11
38 17 28 7 44 25 46 21 16 3 42 30 31 22 33 6 15 12 13 2 35 32 39 8 23 29 4 9 26 1 34 37 20 49 43 10 27 18 19 0 11 24 41 14 45 40 47 36 5 48
0 37 11 1 24 26 7 42 9 44 38 31 49 6 18 22 27 30 46 20 2 32 29 23 3 14 48 4 16 43 39 19 45 36 21 28 5 10 13 25 40 12 15 47 41 8 35 34 33 17
4 44 22 20 10 6 11 25 5 15 31 2 37 8 28 0 1 48 18 29 21 42 9 30 16 19 14 33 41 27 47 24 32 7 40 39 23 43 46 34 17 38 3 45 13 26 12 49 36 35
1 0 4 7 9 6 2 5 3 8
18 13 45 47 38 14 12 19 48 49 44 17 11 15 39 34 36 9 37 30 33 10 16 42 40 46 3 0 1 43 41 23 28 20 29 21 24 22 26 25 27 5 2 6 35 31 32 4 7 8
39 36 25 6 19 9 16 21 11 8 33 12 48 18 32 44 38 37 40 26 2 47 35 3 20 27 10 4 42 49 31 29 30 24 0 13 17 23 1 46 45 22 34 43 7 5 14 41 15 28
34 47 45 29 23 38 19 20 46 25 24 4 15 13 44 48 9 26 14 33 49 28 0 31 1 30 6 22 42 35 5 7 21 41 3 32 17 8 27 40 43 18 39 16 12 2 11 36 10 37
16 15 14 13 12 11 17 41 1 31 42 32 9 4 25 43 48 44 5 29 6 35 7 45 37 2 34 10 26 23 3 18 19 22 39 20 36 47 49 28 21 24 46 40 33 0 30 27 8 38
35 13 16 0 39 47 24 6 27 43 29 11 10 34 5 19 9 33 20 44 7 18 1 3 42 15 4 48 49 14 40 28 30 45 21 22 25 37 31 12 32 17 8 2 26 38 23 41 36 46
8 17 14 20 1 16 13 44 15 25 40 48 31 38 26 22 7 12 46 2 27 28 11 37 29 47 35 30 19 18 42 0 3 10 21 45 5 39 4 6 9 34 36 24 43 32 49 23 33 41
29 6 34 42 49 13 1 45 30 9 8 38 10 39 2 46 44 4 43 32 16 17 31 3 20 41 19 5 40 28 11 35 48 37 23 12 26 0 22 14 24 18 25 7 21 27 15 33 47 36
12 38 13 5 28 15 42 36 34 3 0 14 40 1 29 39 6 24 9 45 16 30 31 26 48 8 11 44 4 41 17 18 10 43 47 49 23 35 7 27 33 21 22 25 19 20 32 46 37 2
41 15 44 32 43 48 21 0 13 25 16 11 9 29 49 2 28 34 45 47 24 38 35 3 14 31 1 46 20 42 30 4 10 18 7 23 19 17 26 5 27 40 22 6 39 36 33 37 12 8
21 4 14 10 3 7 1 11 17 5 0 6 16 15 8 20 2 19 12 18 9 13
0 1 2 3 4 5 6 7 8 9 10 11 12 13 14 15 16 17 18 19 20 21 22 23 24 25 26 27 28 29 30 31 32 33 34 35 36 37 38 39 40 41 42 43 44 45 46 47
49 30 27 13 20 28 4 11 25 45 40 47 43 35 31 44 48 15 32 16 24 33 21 18 14 5 19 23 42 39 26 46 7 29 36 2 38 37 6 34 0 8 10 22 9 12 3 17 41 1
3 2 0 1
2 3 5 6 0 9 8 4 7 1
34 33 37 36 35 24 23 27 26 25 14 13 17 16 15 4 3 7 6 5 0 1 2 8 9 10 11 12 18 19 20 21 22 28 29 30 31 32 38 39 40 41 45 46 47 43 44 42 48 49
4 43 20 26 13 14 12 33 31 27 0 8 47 3 44 29 35 19 24 21 15 9 38 10 41 32 1 22 16 18 48 49 46 40 34 37 30 2 23 45 36 6 7 25 39 42 11 5 17 28
29 5 43 34 22 42 7 41 49 48 14 36 47 13 28 24 4 40 39 46 10 19 18 38 37 15 26 1 33 25 11 6 21 27 23 45 17 8 9 31 20 12 2 30 0 44 16 3 35 32
14 16 23 47 38 44 20 24 42 40 48 22 0 1 25 32 43 19 8 5 29 26 39 15 2 3 27 36 30 6 4 9 33 28 31 7 10 49 34 35 11 12 13 37 46 41 17 18 21 45
13 44 17 49 45 37 31 38 36 24 14 33 1 21 26 47 28 9 16 23 7 25 3 5 12 43 0 19 8 4 34 35 27 40 42 22 39 2 18 41 11 29 10 32 15 46 20 30 6 48
2 0 1 3
23 49 2 41 8 0 25 32 13 46 20 12 31 19 42 3 30 33 38 6 40 35 10 11 16 44 27 48 4 47 5 9 21 34 45 22 14 37 24 39 1 17 15 36 43 29 7 18 28 26
44 43 42 41 40 39 38 37 26 27 28 29 30 31 32 33 34 35 36 0 1 2 3 4 5 6 7 8 9 10 11 12 13 14 15 16 17 18 19 20 21 22 23 24 25 49 48 47 46 45
13 26 29 35 37 6 11 27 4 34 31 10 2 3 14 16 24 38 1 9 39 36 7 32 28 15 5 12 22 21 8 30 17 25 33 0 23 19 20 18
48 47 45 43 40 38 36 35 33 31 28 26 24 23 21 19 16 14 12 11 9 7 4 0 2 1 3 5 6 8 10 13 15 17 18 20 22 25 27 29 30 32 34 37 39 41 42 44 46 49
22 35 7 30 36 25 45 33 2 18 1 19 26 48 41 27 12 49 32 38 34 24 8 14 46 23 31 6 28 21 40 13 11 5 3 20 15 4 47 16 43 29 42 17 44 9 37 0 10 39
34 49 35 48 31 39 45 33 30 37 40 38 36 22 42 8 26 5 6 19 3 2 21 16 0 7 11 28 23 24 12 10 17 1 15 4 25 13 18 29 20 32 9 14 41 47 46 44 27 43
8 2 9 6 1 4 7 0 5 3
4 8 1 49 2 0 3 5 6 7 11 10 9 16 12 13 14 15 19 18 17 24 20 21 22 23 27 26 25 32 28 29 30 31 35 34 33 40 36 37 38 39 43 42 41 48 44 45 46 47
33 5 4 49 28 45 35 30 11 31 37 27 16 23 15 44 38 21 34 47 43 0 25 1 19 3 17 42 12 6 39 2 20 14 29 24 36 46 13 18 41 40 7 9 22 8 32 10 48 26
0 1 2 3 4 5 6 7 8 9 10 11 12 13 14 15 16 17 18 19 20 21 22 23 24 25 26 27 28 29 30 31 32 33 34 35 36 37 38 39 40 41 42 43 44 45 46 47
14 11 10 1 17 5 4 6 16 15 13 7 12 9 0 2 3 8
2 25 9 12 0 27 10 4 20 17 16 19 6 1 24 26 7 13 15 18 3 11 5 8 23 21 14 22
38 8 16 15 1 23 0 14 2 21 31 22 17 39 13 20 10 34 7 36 4 11 28 12 18 29 6 32 33 26 25 3 35 24 37 27 30 9 19 5
8 17 14 26 36 22 30 20 31 34 27 5 37 29 6 45 10 11 23 9 35 19 7 38 46 4 3 43 41 25 2 39 47 21 13 15 48 42 16 32 12 40 49 18 44 1 24 0 33 28
27 36 7 14 39 8 9 2 45 37 23 35 46 12 29 4 34 33 32 13 38 30 17 5 1 19 43 3 40 22 25 26 16 48 6 28 15 47 24 44 0 20 10 31 42 41 18 21 11 49
48 47 45 43 40 38 36 35 33 31 28 26 24 23 21 19 16 14 12 11 9 7 4 2 0 1 3 5 6 8 10 13 15 17 18 20 22 25 27 29 30 32 34 37 39 41 42 44 46 49
26 48 5 1 4 45 28 46 23 13 3 41 39 27 14 6 9 31 30 38 20 37 32 18 19 22 40 25 44 11 15 12 35 42 29 0 16 17 34 33 36 10 2 21 49 47 43 7 24 8
45 35 40 6 3 39 9 13 19 26 15 44 14 4 20 42 0 29 49 18 36 2 34 12 1 43 8 23 48 7 46 41 25 5 38 28 22 21 24 32 11 27 16 47 17 37 33 31 10 30
40 36 34 37 6 2 48 49 42 44 45 20 23 9 17 8 47 3 43 28 39 15 25 0 1 11 41 18 12 35 13 7 4 33 19 31 24 29 21 10 46 14 27 26 32 38 5 22 30 16
35 48 23 11 45 25 22 47 36 13 1 49 12 6 43 5 8 7 38 21 20 16 28 15 0 27 32 31 2 46 10 39 19 18 24 40 30 34 17 4 14 26 29 42 9 33 37 44 3 41
32 37 26 35 4 8 45 22 13 19 34 28 44 21 46 38 18 36 0 5 7 15 29 39 33 16 31 24 40 42 20 2 25 11 41 1 48 49 43 12 27 6 10 9 14 3 23 17 47 30
29 0 1 22 19 20 13 28 17 27 18 15 16 11 14 12 26 23 10 25 21 4 24 9 7 8 5 6 3 2
44 43 47 46 45 40 49 1 5 6 7 3 4 2 8 9 12 18 19 21 22 28 29 33 34 0 48 42 41 39 38 32 31 30 35 36 37 24 23 27 26 25 20 14 13 17 16 15 11 10
45 8 47 25 34 48 46 1 36 21 41 19 12 22 11 23 33 44 31 14 4 42 49 43 32 24 20 5 18 7 10 26 13 0 30 3 39 17 35 40 27 28 6 15 29 16 37 2 9 38
3 2 0 5 4 1
12 42 5 37 26 39 15 3 36 14 25 27 45 19 6 31 29 28 43 0 10 23 32 20 40 47 18 46 41 30 16 2 34 48 24 44 22 7 11 13 33 35 17 49 4 9 8 38 1 21
40 0 14 26 17 23 18 22 48 35 19 9 11 36 6 24 49 27 4 10 16 7 13 2 37 42 28 45 21 41 47 15 34 39 30 1 38 20 46 43 33 32 25 3 5 12 31 44 8 29
22 3 31 11 0 16 25 5 28 30 9 18 19 13 20 23 1 14 29 27 4 8 7 26 21 6 24 12 10 2 15 17
30 41 39 44 14 33 49 24 12 36 47 43 29 38 48 46 13 8 35 15 28 45 17 5 37 0 18 26 40 10 3 34 11 7 25 31 4 16 42 21 19 20 1 6 23 32 2 22 9 27
5 7 6 3 4 0 1 2
38 31 47 35 18 8 11 28 42 10 25 4 12 40 16 6 14 5 2 20 23 21 27 37 49 7 46 1 15 45 41 33 29 44 26 32 3 39 19 0 30 9 13 36 22 34 24 48 17 43
33 39 25 12 35 18 27 37 49 10 5 26 3 28 1 34 43 4 6 31 23 2 16 46 0 38 45 7 42 48 36 9 32 29 19 13 15 40 14 24 41 21 22 17 30 11 20 44 8 47
45 35 21 30 28 13 18 41 11 27 4 47 1 25 3 19 20 39 23 26 49 24 22 0 7 40 48 8 44 5 17 34 14 42 9 6 10 32 2 16 37 36 46 12 31 15 33 43 29 38
21 15 34 37 9 39 8 49 20 12 32 31 36 30 19 45 1 10 7 44 13 4 0 22 26 3 29 5 38 33 43 40 41 18 25 27 46 48 11 16 6 17 35 14 28 42 24 2 23 47
15 2 4 9 10 11 3 0 1 8 7 6 5 14 13 12
9 1 8 3 6 2 7 4 5 0
3 4 5 0 1 2 7 6
8 9 4 0 1 6 2 3 5 7
1 4 18 42 28 21 40 41 31 17 35 32 10 5 37 30 39 14 46 2 24 9 13 15 26 7 20 8 3 34 36 44 23 45 33 29 12 43 16 47 11 38 22 0 6 27 19 25
10 32 20 19 38 31 43 34 14 33 7 17 44 40 4 15 6 41 27 18 47 30 24 29 26 5 37 21 45 11 22 12 42 25 0 48 23 2 1 36 3 35 8 39 28 46 13 9 49 16
49 47 44 43 46 48 45 42 40 37 38 41 39 36 33 35 32 34 31 28 30 29 27 26 25 24 21 23 22 20 19 16 13 14 17 18 15 12 10 8 11 9 6 3 0 1 4 7 5 2
48 15 23 35 32 45 2 21 31 27 26 33 4 9 28 37 30 17 13 36 22 42 43 8 41 39 47 44 10 12 24 40 49 18 6 11 34 16 1 7 46 0 19 20 25 5 14 29 38 3
35 20 48 22 49 19 14 32 24 31 5 3 28 36 29 0 6 33 8 9 18 10 12 41 43 17 26 34 30 39 47 2 16 23 25 7 4 40 13 27 44 38 1 37 42 21 11 15 46 45
14 24 39 25 29 11 27 38 4 20 49 46 36 43 28 16 48 23 3 34 42 26 9 12 33 2 15 35 0 30 8 7 37 40 18 19 1 32 45 31 47 5 22 17 10 13 21 41 6 44
9 1 2 21 19 17 3 0 8 15 13 5 10 4 11 14 20 7 6 12 18 16
21 24 27 22 28 25 23 26 20 0 5 3 4 6 2 1 8 7 9 29 10 12 14 15 16 11 18 13 17 19 44 40 46 41 43 47 42 49 48 45 31 35 38 30 37 39 32 36 33 34
3 4 0 5 1 2
14 15 12 11 8 9 2 1 0 3 4 7 6 5 10 18 13 21 22 23 20 19 16 17
13 21 41 28 45 29 32 12 23 18 43 44 42 48 49 37 39 34 20 27 6 26 31 30 22 46 15 5 14 40 9 0 11 35 33 36 38 47 24 25 16 19 2 7 4 17 3 1 8 10
0 1 2 3 4 5 6 7 8 9 10 11 12 13 14 15 16 17 18 19 20 21 22 23 24 25 26 27 28 29 30 31 32 33 34 35 36 37 38 39 40 41 42 43 44 45 46 47 48 49
14 39 36 13 21 24 37 30 45 16 38 23 12 20 17 28 9 31 10 15 34 43 6 32 7 0 4 2 29 1 47 18 25 41 8 49 44 46 19 27 11 48 3 33 26 5 42 35 40 22
31 14 20 27 0 5 12 16 38 9 40 7 2 3 45 47 19 15 35 21 25 34 33 23 17 42 4 49 41 44 11 24 43 29 46 22 13 6 36 37 28 32 8 10 39 1 18 26 30 48
7 8 0 10 16 9 2 3 4 17 12 6 15 1 18 19 11 14 13 5
33 12 40 37 39 22 43 31 38 24 9 29 35 45 18 13 34 5 1 0 23 32 7 6 14 15 11 3 8 19 25 4 28 27 47 20 30 26 36 42 10 17 46 21 16 44 2 41
47 33 46 29 19 45 12 21 14 49 41 44 3 6 26 16 42 17 48 30 8 11 43 23 39 35 1 31 15 0 38 24 40 5 4 22 2 32 10 9 18 20 27 34 7 36 28 13 25 37
22 9 36 31 29 43 1 35 28 10 27 44 24 49 3 30 48 41 13 19 21 7 11 40 12 26 6 23 34 20 46 47 4 42 39 25 8 37 0 18 32 15 17 14 33 45 38 16 2 5
11 5 26 13 18 3 14 2 27 36 8 40 29 22 21 45 20 23 7 30 41 46 0 16 47 39 1 37 43 6 31 48 4 28 42 24 44 17 19 35 32 38 33 15 10 25 49 9 12 34
33 24 35 30 7 26 8 6 10 1 15 4 0 3 31 12 34 9 16 18 25 11 32 5 37 39 22 13 19 36 14 17 20 23 38 27 2 28 21 29
42 13 16 1 31 10 37 18 23 12 47 7 21 17 20 0 30 28 9 4 2 39 3 8 24 29 35 36 33 25 48 5 15 46 45 11 32 6 34 38 27 49 26 22 43 41 40 19 44 14
20 19 8 40 29 47 41 49 16 42 32 17 38 28 33 34 48 26 45 13 43 4 10 6 23 36 7 1 12 39 46 3 18 31 14 15 35 0 2 25 5 30 24 9 44 27 11 21 22 37
17 44 43 25 6 11 1 35 24 41 40 48 22 46 19 9 20 39 42 36 3 37 33 21 34 30 29 26 28 47 45 27 4 12 13 49 38 32 10 18 5 16 2 23 14 8 0 7 15 31
